FET Vgs-Id
VG=	0	to	2	in	0.02	step
VDS=	0.05	to	0.5	in	0.45	step
NO.	VG	ID
	V	A
1	0	5.324E-10
2	0.02	1.656E-09
3	0.04	-9.083E-10
4	0.06	1.998E-09
5	0.08	-8.153E-10
6	0.1	1.9361E-09
7	0.12	1.9566E-09
8	0.14	-9.511E-10
9	0.16	-1.0609E-09
10	0.18	7.982E-10
11	0.2	1.8811E-09
12	0.22	1.7964E-09
13	0.24	-1.1258E-09
14	0.26	-8.288E-10
15	0.28	-9.72E-10
16	0.3	1.8708E-09
17	0.32	1.9966E-09
18	0.34	-1.0332E-09
19	0.36	-1.1882E-09
20	0.38	-7.869E-10
21	0.4	1.7736E-09
22	0.42	1.9118E-09
23	0.44	-9.103E-10
24	0.46	-1.074E-09
25	0.48	-1.0957E-09
26	0.5	1.4968E-09
27	0.52	1.9358E-09
28	0.54	-5.735E-10
29	0.56	-8.877E-10
30	0.58	-8.455E-10
31	0.6	1.4261E-09
32	0.62	1.9841E-09
33	0.64	-6.655E-10
34	0.66	-9.272E-10
35	0.68	-9.071E-10
36	0.7	1.3034E-09
37	0.72	1.8577E-09
38	0.74	-5.516E-10
39	0.76	-9.496E-10
40	0.78	-9.509E-10
41	0.8	1.5827E-09
42	0.82	2.2881E-09
43	0.84	1.1998E-09
44	0.86	3.732E-10
45	0.88	2.9222E-09
46	0.9	5.9992E-09
47	0.92	1.14265E-08
48	0.94	1.7048E-08
49	0.96	3.1256E-08
50	0.98	5.2492E-08
51	1	8.3422E-08
52	1.02	1.2719E-07
53	1.04	1.9238E-07
54	1.06	2.7487E-07
55	1.08	3.8398E-07
56	1.1	5.1814E-07
57	1.12	6.7832E-07
58	1.14	8.6624E-07
59	1.16	1.08192E-06
60	1.18	1.3041E-06
61	1.2	1.5693E-06
62	1.22	1.848E-06
63	1.24	2.138E-06
64	1.26	2.4361E-06
65	1.28	2.743E-06
66	1.3	3.0537E-06
67	1.32	3.3686E-06
68	1.34	3.6859E-06
69	1.36	4.0026E-06
70	1.38	4.3174E-06
71	1.4	4.6265E-06
72	1.42	4.9338E-06
73	1.44	5.2347E-06
74	1.46	5.5322E-06
75	1.48	5.8228E-06
76	1.5	6.1082E-06
77	1.52	6.3884E-06
78	1.54	6.6576E-06
79	1.56	6.9214E-06
80	1.58	7.1776E-06
81	1.6	7.4273E-06
82	1.62	7.6697E-06
83	1.64	7.9052E-06
84	1.66	8.1343E-06
85	1.68	8.3531E-06
86	1.7	8.5655E-06
87	1.72	8.7727E-06
88	1.74	8.9679E-06
89	1.76	9.1614E-06
90	1.78	9.3453E-06
91	1.8	9.5239E-06
92	1.82	9.6963E-06
93	1.84	9.8592E-06
94	1.86	1.00166E-05
95	1.88	1.01697E-05
96	1.9	1.03129E-05
97	1.92	1.04557E-05
98	1.94	1.05862E-05
99	1.96	1.07143E-05
100	1.98	1.0836E-05
101	2	1.09482E-05
102	2	1.08582E-05
103	1.98	1.05791E-05
104	1.96	1.03567E-05
105	1.94	1.01481E-05
106	1.92	9.9451E-06
107	1.9	9.7421E-06
108	1.88	9.5384E-06
109	1.86	9.3296E-06
110	1.84	9.1212E-06
111	1.82	8.9065E-06
112	1.8	8.688E-06
113	1.78	8.4678E-06
114	1.76	8.2454E-06
115	1.74	8.0144E-06
116	1.72	7.7814E-06
117	1.7	7.5418E-06
118	1.68	7.2992E-06
119	1.66	7.0505E-06
120	1.64	6.795E-06
121	1.62	6.5345E-06
122	1.6	6.2732E-06
123	1.58	6.0042E-06
124	1.56	5.733E-06
125	1.54	5.4584E-06
126	1.52	5.1764E-06
127	1.5	4.892E-06
128	1.48	4.6054E-06
129	1.46	4.3154E-06
130	1.44	4.0209E-06
131	1.42	3.7289E-06
132	1.4	3.4348E-06
133	1.38	3.1441E-06
134	1.36	2.8525E-06
135	1.34	2.5644E-06
136	1.32	2.2811E-06
137	1.3	2.0065E-06
138	1.28	1.7374E-06
139	1.26	1.4854E-06
140	1.24	1.2462E-06
141	1.22	1.0266E-06
142	1.2	8.3402E-07
143	1.18	6.5015E-07
144	1.16	4.9697E-07
145	1.14	3.6938E-07
146	1.12	2.6576E-07
147	1.1	1.8387E-07
148	1.08	1.2497E-07
149	1.06	8.2028E-08
150	1.04	5.1254E-08
151	1.02	3.232E-08
152	1	2.0681E-08
153	0.98	1.1082E-08
154	0.96	6.5064E-09
155	0.94	5.469E-09
156	0.92	2.0938E-09
157	0.9	1.7363E-09
158	0.88	1.0644E-09
159	0.86	2.169E-09
160	0.84	-9.571E-10
161	0.82	-1.0116E-09
162	0.8	-9.472E-10
163	0.78	1.3859E-09
164	0.76	2.0006E-09
165	0.74	1.868E-09
166	0.72	-1.0386E-09
167	0.7	-1.0261E-09
168	0.68	-9.59E-10
169	0.66	1.1484E-09
170	0.64	2.0167E-09
171	0.62	1.8791E-09
172	0.6	-1.1197E-09
173	0.58	-1.0662E-09
174	0.56	-9.348E-10
175	0.54	1.0492E-09
176	0.52	1.934E-09
177	0.5	1.9872E-09
178	0.48	-8.495E-10
179	0.46	-9.884E-10
180	0.44	-8.286E-10
181	0.42	1.1573E-09
182	0.4	1.9125E-09
183	0.38	1.9922E-09
184	0.36	-1.223E-09
185	0.34	-1.29E-09
186	0.32	-1.2167E-09
187	0.3	1.6968E-09
188	0.28	2.0102E-09
189	0.26	1.912E-09
190	0.24	-4.466E-10
191	0.22	-8.953E-10
192	0.2	-1.2334E-09
193	0.18	1.6643E-09
194	0.16	1.9163E-09
195	0.14	1.9724E-09
196	0.12	-3.204E-10
197	0.1	-8.538E-10
198	0.08	-1.1997E-09
199	0.06	1.6256E-09
200	0.04	2.003E-09
201	0.02	1.9373E-09
202	0	-6.055E-10
203	0	3.3668E-09
204	0.02	3.4638E-09
205	0.04	2.0606E-09
206	0.06	2.9883E-09
207	0.08	2.3343E-09
208	0.1	2.1868E-09
209	0.12	2.3172E-09
210	0.14	3.0763E-09
211	0.16	3.8614E-09
212	0.18	2.5135E-09
213	0.2	2.2296E-09
214	0.22	2.0761E-09
215	0.24	1.0797E-09
216	0.26	1.9553E-09
217	0.28	2.4961E-09
218	0.3	3.6913E-09
219	0.32	2.3277E-09
220	0.34	2.1337E-09
221	0.36	2.0624E-09
222	0.38	4.796E-10
223	0.4	1.8316E-09
224	0.42	2.1308E-09
225	0.44	3.2021E-09
226	0.46	3.1131E-09
227	0.48	2.202E-09
228	0.5	1.7992E-09
229	0.52	2.0433E-09
230	0.54	1.603E-09
231	0.56	1.9578E-09
232	0.58	2.7978E-09
233	0.6	3.5826E-09
234	0.62	2.2261E-09
235	0.64	1.9866E-09
236	0.66	1.8904E-09
237	0.68	7.855E-10
238	0.7	1.8056E-09
239	0.72	2.2641E-09
240	0.74	3.3967E-09
241	0.76	2.3569E-09
242	0.78	2.1161E-09
243	0.8	2.0994E-09
244	0.82	4.617E-10
245	0.84	2.0254E-09
246	0.86	2.662E-09
247	0.88	4.3749E-09
248	0.9	6.5349E-09
249	0.92	8.0602E-09
250	0.94	1.4498E-08
251	0.96	2.2346E-08
252	0.98	3.771E-08
253	1	6.4923E-08
254	1.02	1.06755E-07
255	1.04	1.6954E-07
256	1.06	2.6289E-07
257	1.08	4.0118E-07
258	1.1	5.8517E-07
259	1.12	8.3095E-07
260	1.14	1.1422E-06
261	1.16	1.5479E-06
262	1.18	2.0407E-06
263	1.2	2.6357E-06
264	1.22	3.336E-06
265	1.24	4.1433E-06
266	1.26	5.0701E-06
267	1.28	6.1182E-06
268	1.3	7.2876E-06
269	1.32	8.5743E-06
270	1.34	9.9934E-06
271	1.36	1.1437E-05
272	1.38	1.3144E-05
273	1.4	1.4962E-05
274	1.42	1.6874E-05
275	1.44	1.8884E-05
276	1.46	2.1017E-05
277	1.48	2.3247E-05
278	1.5	2.5586E-05
279	1.52	2.8029E-05
280	1.54	3.055E-05
281	1.56	3.3145E-05
282	1.58	3.5816E-05
283	1.6	3.8538E-05
284	1.62	4.1301E-05
285	1.64	4.4095E-05
286	1.66	4.6913E-05
287	1.68	4.9715E-05
288	1.7	5.2505E-05
289	1.72	5.5284E-05
290	1.74	5.8028E-05
291	1.76	6.0742E-05
292	1.78	6.3384E-05
293	1.8	6.6003E-05
294	1.82	6.8555E-05
295	1.84	7.1057E-05
296	1.86	7.3483E-05
297	1.88	7.5843E-05
298	1.9	7.8154E-05
299	1.92	8.0401E-05
300	1.94	8.2561E-05
301	1.96	8.4665E-05
302	1.98	8.6697E-05
303	2	8.8662E-05
304	2	8.8012E-05
305	1.98	8.4902E-05
306	1.96	8.2206E-05
307	1.94	7.9607E-05
308	1.92	7.7036E-05
309	1.9	7.4446E-05
310	1.88	7.1845E-05
311	1.86	6.9225E-05
312	1.84	6.659E-05
313	1.82	6.3915E-05
314	1.8	6.1221E-05
315	1.78	5.85E-05
316	1.76	5.5772E-05
317	1.74	5.3022E-05
318	1.72	5.0256E-05
319	1.7	4.7489E-05
320	1.68	4.4732E-05
321	1.66	4.199E-05
322	1.64	3.9267E-05
323	1.62	3.6582E-05
324	1.6	3.3954E-05
325	1.58	3.138E-05
326	1.56	2.8871E-05
327	1.54	2.6455E-05
328	1.52	2.4115E-05
329	1.5	2.1874E-05
330	1.48	1.9737E-05
331	1.46	1.7715E-05
332	1.44	1.5793E-05
333	1.42	1.3985E-05
334	1.4	1.2299E-05
335	1.38	1.0733E-05
336	1.36	9.3101E-06
337	1.34	7.9364E-06
338	1.32	6.7173E-06
339	1.3	5.6224E-06
340	1.28	4.6404E-06
341	1.26	3.7703E-06
342	1.24	3.0137E-06
343	1.22	2.3664E-06
344	1.2	1.8181E-06
345	1.18	1.3675E-06
346	1.16	1.0047E-06
347	1.14	7.2615E-07
348	1.12	5.0017E-07
349	1.1	3.3972E-07
350	1.08	2.2162E-07
351	1.06	1.4082E-07
352	1.04	8.9713E-08
353	1.02	5.1157E-08
354	1	2.9046E-08
355	0.98	1.7897E-08
356	0.96	1.0584E-08
357	0.94	7.1321E-09
358	0.92	5.3455E-09
359	0.9	2.919E-09
360	0.88	4.1519E-09
361	0.86	3.6415E-09
362	0.84	2.4397E-09
363	0.82	2.1807E-09
364	0.8	2.1632E-09
365	0.78	5.135E-10
366	0.76	1.7952E-09
367	0.74	1.9623E-09
368	0.72	2.7481E-09
369	0.7	3.5944E-09
370	0.68	2.444E-09
371	0.66	2.2544E-09
372	0.64	1.9528E-09
373	0.62	1.9201E-09
374	0.6	7.739E-10
375	0.58	1.956E-09
376	0.56	2.1909E-09
377	0.54	3.1113E-09
378	0.52	3.6979E-09
379	0.5	2.3998E-09
380	0.48	2.1928E-09
381	0.46	2.1833E-09
382	0.44	2.0041E-09
383	0.42	1.8175E-09
384	0.4	2.0066E-09
385	0.38	2.4507E-09
386	0.36	3.4332E-09
387	0.34	3.5033E-09
388	0.32	2.3769E-09
389	0.3	2.1162E-09
390	0.28	2.1831E-09
391	0.26	6.778E-10
392	0.24	2.0071E-09
393	0.22	2.287E-09
394	0.2	3.0514E-09
395	0.18	4.0178E-09
396	0.16	2.8483E-09
397	0.14	2.6314E-09
398	0.12	2.2293E-09
399	0.1	1.1784E-09
400	0.08	1.8688E-09
401	0.06	2.7407E-09
402	0.04	3.2722E-09
403	0.02	4.4426E-09
404	0	4.5093E-09
