FET Vds-Id
VDS=	0	to	1.5	in	0.02	step
VG=	0	to	1.5	in	0.5	step
NO.	VDS	ID
	V	A
1	0	-3.16E-11
2	0.02	2.8913E-09
3	0.04	2.328E-09
4	0.06	5.3595E-09
5	0.08	1.7148E-09
6	0.1	5.1646E-09
7	0.12	5.1862E-09
8	0.14	4.6705E-09
9	0.16	8.8765E-09
10	0.18	6.4074E-09
11	0.2	8.1186E-09
12	0.22	8.9845E-09
13	0.24	1.221E-08
14	0.26	1.0282E-08
15	0.28	1.2896E-08
16	0.3	1.1245E-08
17	0.32	1.2103E-08
18	0.34	1.4527E-08
19	0.36	1.5625E-08
20	0.38	1.5186E-08
21	0.4	1.8264E-08
22	0.42	2.3538E-08
23	0.44	2.0651E-08
24	0.46	1.9909E-08
25	0.48	2.5387E-08
26	0.5	2.7951E-08
27	0.52	2.7583E-08
28	0.54	3.0061E-08
29	0.56	3.364E-08
30	0.58	3.5196E-08
31	0.6	3.4487E-08
32	0.62	4.1211E-08
33	0.64	4.6479E-08
34	0.66	4.523E-08
35	0.68	4.7342E-08
36	0.7	5.432E-08
37	0.72	5.6955E-08
38	0.74	6.0122E-08
39	0.76	6.5643E-08
40	0.78	7.089E-08
41	0.8	7.2619E-08
42	0.82	7.2068E-08
43	0.84	8.3162E-08
44	0.86	9.1695E-08
45	0.88	9.4286E-08
46	0.9	9.7826E-08
47	0.92	1.08096E-07
48	0.94	1.1534E-07
49	0.96	1.2112E-07
50	0.98	1.2825E-07
51	1	1.3703E-07
52	1.02	1.4396E-07
53	1.04	1.5177E-07
54	1.06	1.649E-07
55	1.08	1.7398E-07
56	1.1	1.8243E-07
57	1.12	1.9296E-07
58	1.14	2.0241E-07
59	1.16	2.155E-07
60	1.18	2.4086E-07
61	1.2	2.5328E-07
62	1.22	2.6498E-07
63	1.24	2.7799E-07
64	1.26	3.005E-07
65	1.28	3.097E-07
66	1.3	3.2824E-07
67	1.32	3.5163E-07
68	1.34	3.7362E-07
69	1.36	3.9754E-07
70	1.38	4.1625E-07
71	1.4	4.2663E-07
72	1.42	4.5604E-07
73	1.44	4.8409E-07
74	1.46	5.125E-07
75	1.48	5.4492E-07
76	1.5	5.7512E-07
77	0	3.321E-10
78	0.02	2.092E-09
79	0.04	3.2125E-09
80	0.06	5.4767E-09
81	0.08	2.1714E-09
82	0.1	5.8692E-09
83	0.12	5.8282E-09
84	0.14	6.0786E-09
85	0.16	9.0776E-09
86	0.18	5.5494E-09
87	0.2	8.9544E-09
88	0.22	1.2217E-08
89	0.24	1.0412E-08
90	0.26	1.2581E-08
91	0.28	1.121E-08
92	0.3	1.1659E-08
93	0.32	1.427E-08
94	0.34	1.4991E-08
95	0.36	1.42E-08
96	0.38	1.7421E-08
97	0.4	2.2077E-08
98	0.42	1.8986E-08
99	0.44	1.7472E-08
100	0.46	2.2761E-08
101	0.48	2.5304E-08
102	0.5	2.5215E-08
103	0.52	2.783E-08
104	0.54	3.162E-08
105	0.56	3.2355E-08
106	0.58	3.1292E-08
107	0.6	3.6572E-08
108	0.62	4.2263E-08
109	0.64	4.2444E-08
110	0.66	4.3238E-08
111	0.68	5.1075E-08
112	0.7	5.4061E-08
113	0.72	5.5604E-08
114	0.74	5.8301E-08
115	0.76	6.6158E-08
116	0.78	6.573E-08
117	0.8	6.9467E-08
118	0.82	7.7702E-08
119	0.84	8.426E-08
120	0.86	8.5184E-08
121	0.88	9.2563E-08
122	0.9	9.7483E-08
123	0.92	1.03708E-07
124	0.94	1.0926E-07
125	0.96	1.1647E-07
126	0.98	1.2347E-07
127	1	1.2826E-07
128	1.02	1.3839E-07
129	1.04	1.4393E-07
130	1.06	1.5476E-07
131	1.08	1.6106E-07
132	1.1	1.6611E-07
133	1.12	1.7729E-07
134	1.14	1.9436E-07
135	1.16	2.0071E-07
136	1.18	2.0817E-07
137	1.2	2.1932E-07
138	1.22	2.31E-07
139	1.24	2.4479E-07
140	1.26	2.5166E-07
141	1.28	2.7035E-07
142	1.3	2.7985E-07
143	1.32	2.9675E-07
144	1.34	3.0166E-07
145	1.36	3.2368E-07
146	1.38	3.3797E-07
147	1.4	3.4553E-07
148	1.42	3.5649E-07
149	1.44	3.7703E-07
150	1.46	3.987E-07
151	1.48	4.0873E-07
152	1.5	4.2999E-07
153	0	-1.1104E-09
154	0.02	1.49E-06
155	0.04	2.871E-06
156	0.06	4.1247E-06
157	0.08	5.2815E-06
158	0.1	6.3283E-06
159	0.12	7.269E-06
160	0.14	8.0977E-06
161	0.16	8.8339E-06
162	0.18	9.472E-06
163	0.2	1.00187E-05
164	0.22	1.04763E-05
165	0.24	1.08516E-05
166	0.26	1.11538E-05
167	0.28	1.13872E-05
168	0.3	1.1577E-05
169	0.32	1.17E-05
170	0.34	1.1783E-05
171	0.36	1.184E-05
172	0.38	1.1875E-05
173	0.4	1.1898E-05
174	0.42	1.1908E-05
175	0.44	1.1917E-05
176	0.46	1.192E-05
177	0.48	1.1926E-05
178	0.5	1.1929E-05
179	0.52	1.1934E-05
180	0.54	1.1936E-05
181	0.56	1.1941E-05
182	0.58	1.1944E-05
183	0.6	1.1948E-05
184	0.62	1.1948E-05
185	0.64	1.1955E-05
186	0.66	1.1959E-05
187	0.68	1.1963E-05
188	0.7	1.1963E-05
189	0.72	1.197E-05
190	0.74	1.1978E-05
191	0.76	1.198E-05
192	0.78	1.1978E-05
193	0.8	1.1986E-05
194	0.82	1.1997E-05
195	0.84	1.2004E-05
196	0.86	1.2001E-05
197	0.88	1.2014E-05
198	0.9	1.2018E-05
199	0.92	1.2025E-05
200	0.94	1.2029E-05
201	0.96	1.2037E-05
202	0.98	1.2047E-05
203	1	1.2051E-05
204	1.02	1.2054E-05
205	1.04	1.2068E-05
206	1.06	1.2078E-05
207	1.08	1.2087E-05
208	1.1	1.2091E-05
209	1.12	1.2105E-05
210	1.14	1.2112E-05
211	1.16	1.2118E-05
212	1.18	1.2125E-05
213	1.2	1.2142E-05
214	1.22	1.215E-05
215	1.24	1.2166E-05
216	1.26	1.2167E-05
217	1.28	1.2174E-05
218	1.3	1.2196E-05
219	1.32	1.2214E-05
220	1.34	1.2227E-05
221	1.36	1.2243E-05
222	1.38	1.2255E-05
223	1.4	1.2275E-05
224	1.42	1.2272E-05
225	1.44	1.2285E-05
226	1.46	1.2311E-05
227	1.48	1.2329E-05
228	1.5	1.2333E-05
229	0	-8.064E-09
230	0.02	3.9944E-06
231	0.04	7.8849E-06
232	0.06	1.1636E-05
233	0.08	1.5302E-05
234	0.1	1.886E-05
235	0.12	2.2311E-05
236	0.14	2.5636E-05
237	0.16	2.887E-05
238	0.18	3.1993E-05
239	0.2	3.5012E-05
240	0.22	3.7916E-05
241	0.24	4.0706E-05
242	0.26	4.339E-05
243	0.28	4.5974E-05
244	0.3	4.8442E-05
245	0.32	5.0802E-05
246	0.34	5.3041E-05
247	0.36	5.519E-05
248	0.38	5.7224E-05
249	0.4	5.9146E-05
250	0.42	6.0954E-05
251	0.44	6.2666E-05
252	0.46	6.4266E-05
253	0.48	6.5757E-05
254	0.5	6.7136E-05
255	0.52	6.8432E-05
256	0.54	6.9613E-05
257	0.56	7.0689E-05
258	0.58	7.1667E-05
259	0.6	7.2566E-05
260	0.62	7.3353E-05
261	0.64	7.4044E-05
262	0.66	7.4656E-05
263	0.68	7.5198E-05
264	0.7	7.5647E-05
265	0.72	7.6018E-05
266	0.74	7.6326E-05
267	0.76	7.6586E-05
268	0.78	7.6779E-05
269	0.8	7.6922E-05
270	0.82	7.7034E-05
271	0.84	7.713E-05
272	0.86	7.7197E-05
273	0.88	7.724E-05
274	0.9	7.7284E-05
275	0.92	7.7326E-05
276	0.94	7.7361E-05
277	0.96	7.739E-05
278	0.98	7.7412E-05
279	1	7.7442E-05
280	1.02	7.7473E-05
281	1.04	7.7488E-05
282	1.06	7.751E-05
283	1.08	7.7529E-05
284	1.1	7.7569E-05
285	1.12	7.7579E-05
286	1.14	7.7607E-05
287	1.16	7.7618E-05
288	1.18	7.7652E-05
289	1.2	7.7674E-05
290	1.22	7.7686E-05
291	1.24	7.7707E-05
292	1.26	7.774E-05
293	1.28	7.7759E-05
294	1.3	7.7779E-05
295	1.32	7.7794E-05
296	1.34	7.7826E-05
297	1.36	7.7845E-05
298	1.38	7.7852E-05
299	1.4	7.7874E-05
300	1.42	7.7915E-05
301	1.44	7.7922E-05
302	1.46	7.7948E-05
303	1.48	7.7968E-05
304	1.5	7.8002E-05
