FET Vgs-Id
VG=	-1	to	3	in	0.02	step
VDS=	0.05	to	0.5	in	0.45	step
NO.	VG	ID
	V	A
1	-1	1.5974E-07
2	-0.98	1.6199E-07
3	-0.96	1.5888E-07
4	-0.94	1.5633E-07
5	-0.92	1.5876E-07
6	-0.9	1.6011E-07
7	-0.88	1.6205E-07
8	-0.86	1.5991E-07
9	-0.84	1.5958E-07
10	-0.82	1.5838E-07
11	-0.8	1.5643E-07
12	-0.78	1.5875E-07
13	-0.76	1.5912E-07
14	-0.74	1.5913E-07
15	-0.72	1.6138E-07
16	-0.7	1.6195E-07
17	-0.68	1.5996E-07
18	-0.66	1.5975E-07
19	-0.64	1.5836E-07
20	-0.62	1.5654E-07
21	-0.6	1.5893E-07
22	-0.58	1.5905E-07
23	-0.56	1.6017E-07
24	-0.54	1.6225E-07
25	-0.52	1.6005E-07
26	-0.5	1.599E-07
27	-0.48	1.595E-07
28	-0.46	1.5743E-07
29	-0.44	1.5828E-07
30	-0.42	1.5899E-07
31	-0.4	1.5991E-07
32	-0.38	1.6257E-07
33	-0.36	1.6061E-07
34	-0.34	1.5996E-07
35	-0.32	1.5973E-07
36	-0.3	1.5785E-07
37	-0.28	1.5538E-07
38	-0.26	1.5888E-07
39	-0.24	1.5905E-07
40	-0.22	1.6051E-07
41	-0.2	1.6251E-07
42	-0.18	1.6E-07
43	-0.16	1.5958E-07
44	-0.14	1.5897E-07
45	-0.12	1.5645E-07
46	-0.1	1.588E-07
47	-0.08	1.5916E-07
48	-0.06	1.6001E-07
49	-0.04	1.63E-07
50	-0.02	1.6074E-07
51	0	1.6169E-07
52	0.02	1.6321E-07
53	0.04	1.6555E-07
54	0.06	1.7477E-07
55	0.08	1.9022E-07
56	0.1	2.1981E-07
57	0.12	2.5946E-07
58	0.14	3.2485E-07
59	0.16	4.1122E-07
60	0.18	5.2408E-07
61	0.2	6.5809E-07
62	0.22	8.055E-07
63	0.24	9.7254E-07
64	0.26	1.1373E-06
65	0.28	1.322E-06
66	0.3	1.4999E-06
67	0.32	1.6859E-06
68	0.34	1.8636E-06
69	0.36	2.0542E-06
70	0.38	2.2311E-06
71	0.4	2.4098E-06
72	0.42	2.5964E-06
73	0.44	2.7673E-06
74	0.46	2.9458E-06
75	0.48	3.1151E-06
76	0.5	3.2868E-06
77	0.52	3.4559E-06
78	0.54	3.6204E-06
79	0.56	3.7832E-06
80	0.58	3.9487E-06
81	0.6	4.1026E-06
82	0.62	4.2567E-06
83	0.64	4.4123E-06
84	0.66	4.5602E-06
85	0.68	4.7177E-06
86	0.7	4.8559E-06
87	0.72	5.0076E-06
88	0.74	5.1517E-06
89	0.76	5.294E-06
90	0.78	5.4305E-06
91	0.8	5.5655E-06
92	0.82	5.7034E-06
93	0.84	5.8377E-06
94	0.86	5.9654E-06
95	0.88	6.0999E-06
96	0.9	6.2334E-06
97	0.92	6.3562E-06
98	0.94	6.4855E-06
99	0.96	6.6067E-06
100	0.98	6.7342E-06
101	1	6.8502E-06
102	1.02	6.9644E-06
103	1.04	7.0923E-06
104	1.06	7.2097E-06
105	1.08	7.3251E-06
106	1.1	7.4386E-06
107	1.12	7.5532E-06
108	1.14	7.6651E-06
109	1.16	7.7823E-06
110	1.18	7.8817E-06
111	1.2	7.9939E-06
112	1.22	8.107E-06
113	1.24	8.2106E-06
114	1.26	8.318E-06
115	1.28	8.4216E-06
116	1.3	8.5269E-06
117	1.32	8.628E-06
118	1.34	8.7354E-06
119	1.36	8.8247E-06
120	1.38	8.9318E-06
121	1.4	9.0328E-06
122	1.42	9.1272E-06
123	1.44	9.2265E-06
124	1.46	9.3199E-06
125	1.48	9.4186E-06
126	1.5	9.5171E-06
127	1.52	9.6075E-06
128	1.54	9.6892E-06
129	1.56	9.7921E-06
130	1.58	9.8843E-06
131	1.6	9.9705E-06
132	1.62	1.00622E-05
133	1.64	1.01496E-05
134	1.66	1.02388E-05
135	1.68	1.033E-05
136	1.7	1.04054E-05
137	1.72	1.04953E-05
138	1.74	1.05865E-05
139	1.76	1.06669E-05
140	1.78	1.07533E-05
141	1.8	1.08328E-05
142	1.82	1.09159E-05
143	1.84	1.10056E-05
144	1.86	1.10725E-05
145	1.88	1.1155E-05
146	1.9	1.12394E-05
147	1.92	1.13208E-05
148	1.94	1.13953E-05
149	1.96	1.1477E-05
150	1.98	1.1551E-05
151	2	1.163E-05
152	2.02	1.1707E-05
153	2.04	1.1766E-05
154	2.06	1.1853E-05
155	2.08	1.1927E-05
156	2.1	1.2002E-05
157	2.12	1.2072E-05
158	2.14	1.2146E-05
159	2.16	1.2223E-05
160	2.18	1.2285E-05
161	2.2	1.2349E-05
162	2.22	1.2427E-05
163	2.24	1.2497E-05
164	2.26	1.2564E-05
165	2.28	1.2636E-05
166	2.3	1.2701E-05
167	2.32	1.2775E-05
168	2.34	1.2832E-05
169	2.36	1.2895E-05
170	2.38	1.2963E-05
171	2.4	1.3028E-05
172	2.42	1.3093E-05
173	2.44	1.3155E-05
174	2.46	1.3219E-05
175	2.48	1.3281E-05
176	2.5	1.335E-05
177	2.52	1.3399E-05
178	2.54	1.3458E-05
179	2.56	1.3528E-05
180	2.58	1.3585E-05
181	2.6	1.3644E-05
182	2.62	1.3701E-05
183	2.64	1.3762E-05
184	2.66	1.3826E-05
185	2.68	1.3869E-05
186	2.7	1.3929E-05
187	2.72	1.3992E-05
188	2.74	1.4046E-05
189	2.76	1.4102E-05
190	2.78	1.4155E-05
191	2.8	1.4213E-05
192	2.82	1.4273E-05
193	2.84	1.431E-05
194	2.86	1.4365E-05
195	2.88	1.4423E-05
196	2.9	1.4476E-05
197	2.92	1.4528E-05
198	2.94	1.4579E-05
199	2.96	1.4629E-05
200	2.98	1.4683E-05
201	3	1.4739E-05
202	-1	2.908E-07
203	-0.98	2.9435E-07
204	-0.96	2.9003E-07
205	-0.94	2.9084E-07
206	-0.92	2.8849E-07
207	-0.9	2.8782E-07
208	-0.88	2.9001E-07
209	-0.86	2.8992E-07
210	-0.84	2.9147E-07
211	-0.82	2.9457E-07
212	-0.8	2.9101E-07
213	-0.78	2.9094E-07
214	-0.76	2.8934E-07
215	-0.74	2.8715E-07
216	-0.72	2.8977E-07
217	-0.7	2.9019E-07
218	-0.68	2.909E-07
219	-0.66	2.931E-07
220	-0.64	2.918E-07
221	-0.62	2.9082E-07
222	-0.6	2.9032E-07
223	-0.58	2.8768E-07
224	-0.56	2.8983E-07
225	-0.54	2.9007E-07
226	-0.52	2.9028E-07
227	-0.5	2.9215E-07
228	-0.48	2.9402E-07
229	-0.46	2.907E-07
230	-0.44	2.9058E-07
231	-0.42	2.8871E-07
232	-0.4	2.8654E-07
233	-0.38	2.9008E-07
234	-0.36	2.9009E-07
235	-0.34	2.9201E-07
236	-0.32	2.945E-07
237	-0.3	2.9117E-07
238	-0.28	2.9095E-07
239	-0.26	2.8975E-07
240	-0.24	2.879E-07
241	-0.22	2.9026E-07
242	-0.2	2.9091E-07
243	-0.18	2.9124E-07
244	-0.16	2.9281E-07
245	-0.14	2.9195E-07
246	-0.12	2.9168E-07
247	-0.1	2.9137E-07
248	-0.08	2.8936E-07
249	-0.06	2.8688E-07
250	-0.04	2.9048E-07
251	-0.02	2.9133E-07
252	0	2.9322E-07
253	0.02	2.9846E-07
254	0.04	3.0109E-07
255	0.06	3.1073E-07
256	0.08	3.2582E-07
257	0.1	3.6221E-07
258	0.12	4.1735E-07
259	0.14	5.1088E-07
260	0.16	6.4454E-07
261	0.18	8.3215E-07
262	0.2	1.07456E-06
263	0.22	1.3801E-06
264	0.24	1.7653E-06
265	0.26	2.2136E-06
266	0.28	2.7512E-06
267	0.3	3.3377E-06
268	0.32	4.0286E-06
269	0.34	4.7643E-06
270	0.36	5.6002E-06
271	0.38	6.4789E-06
272	0.4	7.4253E-06
273	0.42	8.4811E-06
274	0.44	9.5661E-06
275	0.46	1.07627E-05
276	0.48	1.1987E-05
277	0.5	1.332E-05
278	0.52	1.4672E-05
279	0.54	1.6133E-05
280	0.56	1.76E-05
281	0.58	1.9167E-05
282	0.6	2.0724E-05
283	0.62	2.2304E-05
284	0.64	2.3971E-05
285	0.66	2.5593E-05
286	0.68	2.7278E-05
287	0.7	2.8906E-05
288	0.72	3.0578E-05
289	0.74	3.219E-05
290	0.76	3.3853E-05
291	0.78	3.5441E-05
292	0.8	3.7011E-05
293	0.82	3.8621E-05
294	0.84	4.0151E-05
295	0.86	4.1729E-05
296	0.88	4.3217E-05
297	0.9	4.4753E-05
298	0.92	4.6216E-05
299	0.94	4.7711E-05
300	0.96	4.9138E-05
301	0.98	5.0595E-05
302	1	5.1982E-05
303	1.02	5.3351E-05
304	1.04	5.4751E-05
305	1.06	5.609E-05
306	1.08	5.7464E-05
307	1.1	5.8769E-05
308	1.12	6.011E-05
309	1.14	6.1388E-05
310	1.16	6.2697E-05
311	1.18	6.3941E-05
312	1.2	6.5164E-05
313	1.22	6.6433E-05
314	1.24	6.7639E-05
315	1.26	6.8876E-05
316	1.28	7.006E-05
317	1.3	7.1271E-05
318	1.32	7.2428E-05
319	1.34	7.3615E-05
320	1.36	7.4738E-05
321	1.38	7.5897E-05
322	1.4	7.7009E-05
323	1.42	7.8106E-05
324	1.44	7.9242E-05
325	1.46	8.0319E-05
326	1.48	8.1429E-05
327	1.5	8.2489E-05
328	1.52	8.3581E-05
329	1.54	8.4611E-05
330	1.56	8.5664E-05
331	1.58	8.6693E-05
332	1.6	8.7703E-05
333	1.62	8.8743E-05
334	1.64	8.974E-05
335	1.66	9.0759E-05
336	1.68	9.1741E-05
337	1.7	9.2742E-05
338	1.72	9.3693E-05
339	1.74	9.4687E-05
340	1.76	9.5633E-05
341	1.78	9.6604E-05
342	1.8	9.7531E-05
343	1.82	9.8459E-05
344	1.84	9.9406E-05
345	1.86	0.000100321
346	1.88	0.000101239
347	1.9	0.000102129
348	1.92	0.000103056
349	1.94	0.00010393
350	1.96	0.000104839
351	1.98	0.000105703
352	2	0.000106562
353	2.02	0.000107445
354	2.04	0.000108293
355	2.06	0.00010915
356	2.08	0.000109985
357	2.1	0.00011085
358	2.12	0.000111667
359	2.14	0.00011251
360	2.16	0.000113315
361	2.18	0.00011413
362	2.2	0.00011493
363	2.22	0.00011571
364	2.24	0.00011652
365	2.26	0.0001173
366	2.28	0.0001181
367	2.3	0.00011887
368	2.32	0.00011966
369	2.34	0.0001204
370	2.36	0.00012122
371	2.38	0.00012192
372	2.4	0.00012265
373	2.42	0.00012341
374	2.44	0.00012414
375	2.46	0.00012489
376	2.48	0.00012561
377	2.5	0.00012633
378	2.52	0.00012705
379	2.54	0.00012778
380	2.56	0.00012846
381	2.58	0.00012917
382	2.6	0.00012986
383	2.62	0.00013053
384	2.64	0.00013125
385	2.66	0.00013191
386	2.68	0.00013259
387	2.7	0.00013325
388	2.72	0.00013392
389	2.74	0.00013455
390	2.76	0.00013523
391	2.78	0.00013586
392	2.8	0.00013652
393	2.82	0.00013715
394	2.84	0.00013778
395	2.86	0.00013841
396	2.88	0.00013901
397	2.9	0.00013963
398	2.92	0.00014024
399	2.94	0.00014086
400	2.96	0.00014146
401	2.98	0.00014207
402	3	0.00014266
