FET Vgs-Id
VG=	-2	to	4	in	0.02	step
VDS=	0.05	to	0.5	in	0.45	step
NO.	VG	ID
	V	A
1	-2	6.2409E-07
2	-1.98	5.638E-07
3	-1.96	5.1027E-07
4	-1.94	4.5115E-07
5	-1.92	4.0401E-07
6	-1.9	3.5699E-07
7	-1.88	3.1528E-07
8	-1.86	2.7569E-07
9	-1.84	2.4167E-07
10	-1.82	2.1272E-07
11	-1.8	1.8585E-07
12	-1.78	1.6265E-07
13	-1.76	1.4181E-07
14	-1.74	1.2455E-07
15	-1.72	1.0545E-07
16	-1.7	9.2088E-08
17	-1.68	7.6827E-08
18	-1.66	6.4773E-08
19	-1.64	5.6215E-08
20	-1.62	4.8575E-08
21	-1.6	4.1177E-08
22	-1.58	3.6137E-08
23	-1.56	3.2507E-08
24	-1.54	2.6778E-08
25	-1.52	2.2573E-08
26	-1.5	1.9297E-08
27	-1.48	1.5499E-08
28	-1.46	1.1673E-08
29	-1.44	1.1448E-08
30	-1.42	1.0524E-08
31	-1.4	9.545E-09
32	-1.38	7.3798E-09
33	-1.36	4.8634E-09
34	-1.34	5.5763E-09
35	-1.32	3.594E-09
36	-1.3	3.8449E-09
37	-1.28	3.4869E-09
38	-1.26	3.9089E-09
39	-1.24	4.1785E-09
40	-1.22	2.6058E-09
41	-1.2	2.0728E-09
42	-1.18	1.603E-09
43	-1.16	1.5495E-09
44	-1.14	1.4341E-09
45	-1.12	1.2453E-09
46	-1.1	1.1734E-09
47	-1.08	8.661E-10
48	-1.06	1.6077E-09
49	-1.04	2.3314E-09
50	-1.02	2.2887E-09
51	-1	2.2971E-09
52	-0.98	2.1702E-09
53	-0.96	-8.466E-10
54	-0.94	-9.179E-10
55	-0.92	-8.675E-10
56	-0.9	1.5041E-09
57	-0.88	2.0871E-09
58	-0.86	2.1323E-09
59	-0.84	-1.0714E-09
60	-0.82	-1.0631E-09
61	-0.8	-9.429E-10
62	-0.78	1.1848E-09
63	-0.76	2.0511E-09
64	-0.74	2.0009E-09
65	-0.72	-9.319E-10
66	-0.7	-9.956E-10
67	-0.68	-8.007E-10
68	-0.66	1.038E-09
69	-0.64	1.9289E-09
70	-0.62	2.0248E-09
71	-0.6	-8.331E-10
72	-0.58	-8.441E-10
73	-0.56	-1.2272E-09
74	-0.54	9.539E-10
75	-0.52	1.7341E-09
76	-0.5	1.9403E-09
77	-0.48	-3.744E-10
78	-0.46	-6.445E-10
79	-0.44	-1.2146E-09
80	-0.42	9.577E-10
81	-0.4	1.9381E-09
82	-0.38	2.028E-09
83	-0.36	-6.345E-10
84	-0.34	-7.56E-10
85	-0.32	-1.322E-09
86	-0.3	1.0407E-09
87	-0.28	2.0082E-09
88	-0.26	1.8122E-09
89	-0.24	-9.002E-10
90	-0.22	-9.158E-10
91	-0.2	-8.189E-10
92	-0.18	1.0683E-09
93	-0.16	1.9903E-09
94	-0.14	1.9268E-09
95	-0.12	-8.954E-10
96	-0.1	-9.561E-10
97	-0.08	-8.061E-10
98	-0.06	9.968E-10
99	-0.04	2.0261E-09
100	-0.02	1.9086E-09
101	0	-5.215E-10
102	0.02	-1.0144E-09
103	0.04	-1.0095E-09
104	0.06	1.8904E-09
105	0.08	1.9281E-09
106	0.1	-5.839E-10
107	0.12	-9.73E-10
108	0.14	-8.63E-10
109	0.16	1.7757E-09
110	0.18	2.048E-09
111	0.2	-4.982E-10
112	0.22	-6.852E-10
113	0.24	-1.1425E-09
114	0.26	8.973E-10
115	0.28	1.9391E-09
116	0.3	2.0606E-09
117	0.32	-6.533E-10
118	0.34	-7.094E-10
119	0.36	-1.1122E-09
120	0.38	8.509E-10
121	0.4	1.9564E-09
122	0.42	1.9944E-09
123	0.44	-5.654E-10
124	0.46	-6.753E-10
125	0.48	-1.0812E-09
126	0.5	9.56E-10
127	0.52	1.9011E-09
128	0.54	2.0227E-09
129	0.56	-6.44E-10
130	0.58	-8.305E-10
131	0.6	-1.3283E-09
132	0.62	1.099E-09
133	0.64	1.9123E-09
134	0.66	1.8927E-09
135	0.68	-1.0394E-09
136	0.7	-9.46E-10
137	0.72	-5.81E-10
138	0.74	1.215E-09
139	0.76	2.47E-09
140	0.78	1.2399E-09
141	0.8	1.5154E-09
142	0.82	4.357E-10
143	0.84	1.8927E-09
144	0.86	2.8066E-09
145	0.88	4.7208E-09
146	0.9	6.0236E-09
147	0.92	5.9544E-09
148	0.94	7.2694E-09
149	0.96	8.3221E-09
150	0.98	9.4029E-09
151	1	1.1896E-08
152	1.02	1.5837E-08
153	1.04	2.0389E-08
154	1.06	2.4676E-08
155	1.08	2.9622E-08
156	1.1	3.3958E-08
157	1.12	3.9123E-08
158	1.14	4.7421E-08
159	1.16	5.5844E-08
160	1.18	6.46E-08
161	1.2	7.55E-08
162	1.22	8.8724E-08
163	1.24	9.8837E-08
164	1.26	9.7308E-08
165	1.28	1.0504E-07
166	1.3	1.3214E-07
167	1.32	1.5815E-07
168	1.34	1.7975E-07
169	1.36	2.0003E-07
170	1.38	2.2672E-07
171	1.4	2.5203E-07
172	1.42	2.7942E-07
173	1.44	3.1124E-07
174	1.46	3.4121E-07
175	1.48	3.7431E-07
176	1.5	4.0862E-07
177	1.52	4.462E-07
178	1.54	4.8255E-07
179	1.56	5.256E-07
180	1.58	5.6868E-07
181	1.6	6.1273E-07
182	1.62	6.6355E-07
183	1.64	7.1243E-07
184	1.66	7.642E-07
185	1.68	8.1659E-07
186	1.7	8.7328E-07
187	1.72	9.2847E-07
188	1.74	9.9133E-07
189	1.76	1.052E-06
190	1.78	1.11848E-06
191	1.8	1.1152E-06
192	1.82	1.2145E-06
193	1.84	1.3109E-06
194	1.86	1.3873E-06
195	1.88	1.4629E-06
196	1.9	1.5351E-06
197	1.92	1.6148E-06
198	1.94	1.6934E-06
199	1.96	1.7775E-06
200	1.98	1.8579E-06
201	2	1.9415E-06
202	2.02	2.0292E-06
203	2.04	2.1146E-06
204	2.06	2.2077E-06
205	2.08	2.2939E-06
206	2.1	2.3909E-06
207	2.12	2.4824E-06
208	2.14	2.5818E-06
209	2.16	2.6766E-06
210	2.18	2.7786E-06
211	2.2	2.8765E-06
212	2.22	2.9764E-06
213	2.24	3.0817E-06
214	2.26	3.1831E-06
215	2.28	3.294E-06
216	2.3	3.3996E-06
217	2.32	3.5137E-06
218	2.34	3.6231E-06
219	2.36	3.7384E-06
220	2.38	3.8502E-06
221	2.4	3.9655E-06
222	2.42	4.0865E-06
223	2.44	4.2041E-06
224	2.46	4.3325E-06
225	2.48	4.4557E-06
226	2.5	4.5884E-06
227	2.52	4.7192E-06
228	2.54	4.8562E-06
229	2.56	4.9902E-06
230	2.58	5.1322E-06
231	2.6	5.273E-06
232	2.62	5.411E-06
233	2.64	5.5601E-06
234	2.66	5.7004E-06
235	2.68	5.8473E-06
236	2.7	5.9864E-06
237	2.72	6.1233E-06
238	2.74	6.2561E-06
239	2.76	6.3843E-06
240	2.78	6.5015E-06
241	2.8	6.6147E-06
242	2.82	6.7223E-06
243	2.84	6.8205E-06
244	2.86	6.9145E-06
245	2.88	6.9991E-06
246	2.9	7.0768E-06
247	2.92	7.1477E-06
248	2.94	7.2143E-06
249	2.96	7.2714E-06
250	2.98	7.3246E-06
251	3	7.3746E-06
252	3.02	7.4169E-06
253	3.04	7.4582E-06
254	3.06	7.4928E-06
255	3.08	7.526E-06
256	3.1	7.5505E-06
257	3.12	7.577E-06
258	3.14	7.5964E-06
259	3.16	7.6138E-06
260	3.18	7.6305E-06
261	3.2	7.643E-06
262	3.22	7.6551E-06
263	3.24	7.6647E-06
264	3.26	7.6688E-06
265	3.28	7.6725E-06
266	3.3	7.6741E-06
267	3.32	7.672E-06
268	3.34	7.6708E-06
269	3.36	7.6663E-06
270	3.38	7.6617E-06
271	3.4	7.6537E-06
272	3.42	7.6466E-06
273	3.44	7.6334E-06
274	3.46	7.6203E-06
275	3.48	7.6067E-06
276	3.5	7.588E-06
277	3.52	7.5678E-06
278	3.54	7.5504E-06
279	3.56	7.5289E-06
280	3.58	7.5064E-06
281	3.6	7.4831E-06
282	3.62	7.4492E-06
283	3.64	7.4167E-06
284	3.66	7.3631E-06
285	3.68	7.342E-06
286	3.7	7.3042E-06
287	3.72	7.257E-06
288	3.74	7.2091E-06
289	3.76	7.1629E-06
290	3.78	7.1115E-06
291	3.8	7.0159E-06
292	3.82	6.9849E-06
293	3.84	6.8955E-06
294	3.86	6.8316E-06
295	3.88	6.6823E-06
296	3.9	6.4909E-06
297	3.92	6.476E-06
298	3.94	5.9763E-06
299	3.96	4.8381E-06
300	3.98	4.4571E-06
301	4	4.2656E-06
302	4	3.9842E-06
303	3.98	4.1884E-06
304	3.96	4.2332E-06
305	3.94	3.8345E-06
306	3.92	3.756E-06
307	3.9	4.0528E-06
308	3.88	4.1821E-06
309	3.86	4.016E-06
310	3.84	4.1359E-06
311	3.82	4.4335E-06
312	3.8	4.3899E-06
313	3.78	4.5942E-06
314	3.76	4.5196E-06
315	3.74	4.3419E-06
316	3.72	4.5151E-06
317	3.7	4.5E-06
318	3.68	5.0918E-06
319	3.66	5.2E-06
320	3.64	5.2832E-06
321	3.62	5.2716E-06
322	3.6	5.2904E-06
323	3.58	5.4106E-06
324	3.56	5.46E-06
325	3.54	5.3933E-06
326	3.52	5.5669E-06
327	3.5	5.709E-06
328	3.48	5.7736E-06
329	3.46	5.8622E-06
330	3.44	5.8447E-06
331	3.42	5.824E-06
332	3.4	5.8508E-06
333	3.38	5.9504E-06
334	3.36	5.9682E-06
335	3.34	6.027E-06
336	3.32	6.0718E-06
337	3.3	6.072E-06
338	3.28	6.1872E-06
339	3.26	6.2112E-06
340	3.24	6.2192E-06
341	3.22	6.2423E-06
342	3.2	6.3003E-06
343	3.18	6.3715E-06
344	3.16	6.3726E-06
345	3.14	6.3937E-06
346	3.12	6.3928E-06
347	3.1	6.4159E-06
348	3.08	6.429E-06
349	3.06	6.4491E-06
350	3.04	6.4597E-06
351	3.02	6.4931E-06
352	3	6.5015E-06
353	2.98	6.5202E-06
354	2.96	6.5044E-06
355	2.94	6.5186E-06
356	2.92	6.5203E-06
357	2.9	6.5221E-06
358	2.88	6.5316E-06
359	2.86	6.5257E-06
360	2.84	6.5347E-06
361	2.82	6.5184E-06
362	2.8	6.5227E-06
363	2.78	6.5201E-06
364	2.76	6.5191E-06
365	2.74	6.5089E-06
366	2.72	6.5132E-06
367	2.7	6.4922E-06
368	2.68	6.4916E-06
369	2.66	6.4884E-06
370	2.64	6.4814E-06
371	2.62	6.4676E-06
372	2.6	6.4549E-06
373	2.58	6.4467E-06
374	2.56	6.437E-06
375	2.54	6.4285E-06
376	2.52	6.4173E-06
377	2.5	6.3996E-06
378	2.48	6.3777E-06
379	2.46	6.3619E-06
380	2.44	6.3455E-06
381	2.42	6.3197E-06
382	2.4	6.3117E-06
383	2.38	6.2976E-06
384	2.36	6.2833E-06
385	2.34	6.2637E-06
386	2.32	6.2423E-06
387	2.3	6.2117E-06
388	2.28	6.1936E-06
389	2.26	6.1561E-06
390	2.24	6.1389E-06
391	2.22	6.1126E-06
392	2.2	6.09E-06
393	2.18	6.0727E-06
394	2.16	6.0443E-06
395	2.14	6.0221E-06
396	2.12	5.9924E-06
397	2.1	5.9647E-06
398	2.08	5.9323E-06
399	2.06	5.9058E-06
400	2.04	5.8728E-06
401	2.02	5.853E-06
402	2	5.8145E-06
403	1.98	5.7935E-06
404	1.96	5.7547E-06
405	1.94	5.7274E-06
406	1.92	5.6921E-06
407	1.9	5.6558E-06
408	1.88	5.6226E-06
409	1.86	5.5836E-06
410	1.84	5.5519E-06
411	1.82	5.5166E-06
412	1.8	5.4836E-06
413	1.78	5.4468E-06
414	1.76	5.4081E-06
415	1.74	5.3711E-06
416	1.72	5.3255E-06
417	1.7	5.288E-06
418	1.68	5.2501E-06
419	1.66	5.2119E-06
420	1.64	5.1678E-06
421	1.62	5.1307E-06
422	1.6	5.0864E-06
423	1.58	5.0481E-06
424	1.56	5.0064E-06
425	1.54	4.9629E-06
426	1.52	4.9175E-06
427	1.5	4.8709E-06
428	1.48	4.8296E-06
429	1.46	4.7819E-06
430	1.44	4.7395E-06
431	1.42	4.6923E-06
432	1.4	4.6491E-06
433	1.38	4.6075E-06
434	1.36	4.5593E-06
435	1.34	4.5176E-06
436	1.32	4.4695E-06
437	1.3	4.4236E-06
438	1.28	4.375E-06
439	1.26	4.3327E-06
440	1.24	4.2825E-06
441	1.22	4.2373E-06
442	1.2	4.1897E-06
443	1.18	4.1463E-06
444	1.16	4.102E-06
445	1.14	4.0537E-06
446	1.12	4.0105E-06
447	1.1	3.9637E-06
448	1.08	3.9163E-06
449	1.06	3.8674E-06
450	1.04	3.8242E-06
451	1.02	3.7737E-06
452	1	3.7281E-06
453	0.98	3.6852E-06
454	0.96	3.6362E-06
455	0.94	3.5916E-06
456	0.92	3.5431E-06
457	0.9	3.5012E-06
458	0.88	3.4487E-06
459	0.86	3.4038E-06
460	0.84	3.3538E-06
461	0.82	3.3066E-06
462	0.8	3.2553E-06
463	0.78	3.2106E-06
464	0.76	3.1647E-06
465	0.74	3.1136E-06
466	0.72	3.0679E-06
467	0.7	3.0178E-06
468	0.68	2.9684E-06
469	0.66	2.9165E-06
470	0.64	2.8697E-06
471	0.62	2.8156E-06
472	0.6	2.7647E-06
473	0.58	2.7148E-06
474	0.56	2.6617E-06
475	0.54	2.6117E-06
476	0.52	2.5572E-06
477	0.5	2.5062E-06
478	0.48	2.448E-06
479	0.46	2.3952E-06
480	0.44	2.3369E-06
481	0.42	2.2813E-06
482	0.4	2.221E-06
483	0.38	2.1673E-06
484	0.36	2.1102E-06
485	0.34	2.0493E-06
486	0.32	1.9919E-06
487	0.3	1.93E-06
488	0.28	1.8687E-06
489	0.26	1.8036E-06
490	0.24	1.7419E-06
491	0.22	1.6751E-06
492	0.2	1.6119E-06
493	0.18	1.5491E-06
494	0.16	1.4808E-06
495	0.14	1.4165E-06
496	0.12	1.3491E-06
497	0.1	1.2815E-06
498	0.08	1.2116E-06
499	0.06	1.1453E-06
500	0.04	1.0742E-06
501	0.02	1.0058E-06
502	0	9.4031E-07
503	-0.02	8.7178E-07
504	-0.04	8.0279E-07
505	-0.06	7.3884E-07
506	-0.08	6.7035E-07
507	-0.1	6.0621E-07
508	-0.12	5.4318E-07
509	-0.14	4.7859E-07
510	-0.16	4.1945E-07
511	-0.18	3.641E-07
512	-0.2	3.1159E-07
513	-0.22	2.6184E-07
514	-0.24	2.176E-07
515	-0.26	1.7732E-07
516	-0.28	1.3914E-07
517	-0.3	1.0755E-07
518	-0.32	7.8714E-08
519	-0.34	5.7918E-08
520	-0.36	3.9253E-08
521	-0.38	2.823E-08
522	-0.4	1.8757E-08
523	-0.42	1.2147E-08
524	-0.44	5.8633E-09
525	-0.46	4.1315E-09
526	-0.48	3.0094E-09
527	-0.5	2.5291E-09
528	-0.52	1.9207E-09
529	-0.54	2.0754E-09
530	-0.56	2.4834E-09
531	-0.58	2.234E-09
532	-0.6	2.0715E-09
533	-0.62	2.2417E-09
534	-0.64	2.2783E-09
535	-0.66	2.133E-09
536	-0.68	2.0342E-09
537	-0.7	-5.698E-10
538	-0.72	-8.894E-10
539	-0.74	5.774E-10
540	-0.76	2.1805E-09
541	-0.78	2.2364E-09
542	-0.8	2.2835E-09
543	-0.82	2.2595E-09
544	-0.84	1.1209E-09
545	-0.86	1.1828E-09
546	-0.88	1.2385E-09
547	-0.9	1.1234E-09
548	-0.92	1.5738E-09
549	-0.94	2.4842E-09
550	-0.96	3.3995E-09
551	-0.98	2.6272E-09
552	-1	2.3694E-09
553	-1.02	2.5141E-09
554	-1.04	2.2255E-09
555	-1.06	1.6421E-09
556	-1.08	2.0451E-09
557	-1.1	3.6121E-09
558	-1.12	4.2383E-09
559	-1.14	5.1612E-09
560	-1.16	6.5039E-09
561	-1.18	7.9128E-09
562	-1.2	8.8279E-09
563	-1.22	8.8899E-09
564	-1.24	9.6577E-09
565	-1.26	1.07118E-08
566	-1.28	1.2479E-08
567	-1.3	1.4585E-08
568	-1.32	1.568E-08
569	-1.34	1.7745E-08
570	-1.36	1.9584E-08
571	-1.38	2.1684E-08
572	-1.4	2.3452E-08
573	-1.42	2.5687E-08
574	-1.44	2.9588E-08
575	-1.46	3.3894E-08
576	-1.48	3.8319E-08
577	-1.5	4.3295E-08
578	-1.52	4.9319E-08
579	-1.54	5.5828E-08
580	-1.56	6.4788E-08
581	-1.58	7.1713E-08
582	-1.6	8.161E-08
583	-1.62	9.1625E-08
584	-1.64	1.02469E-07
585	-1.66	1.17E-07
586	-1.68	1.2935E-07
587	-1.7	1.502E-07
588	-1.72	1.6851E-07
589	-1.74	1.896E-07
590	-1.76	2.1217E-07
591	-1.78	2.3952E-07
592	-1.8	2.6702E-07
593	-1.82	2.964E-07
594	-1.84	3.2748E-07
595	-1.86	3.5887E-07
596	-1.88	3.924E-07
597	-1.9	4.3366E-07
598	-1.92	4.7814E-07
599	-1.94	5.2035E-07
600	-1.96	5.6585E-07
601	-1.98	6.1109E-07
602	-2	6.6173E-07
603	-2	2.7357E-05
604	-1.98	2.5204E-05
605	-1.96	2.3204E-05
606	-1.94	2.1154E-05
607	-1.92	1.9307E-05
608	-1.9	1.759E-05
609	-1.88	1.6072E-05
610	-1.86	1.4612E-05
611	-1.84	1.3349E-05
612	-1.82	1.2118E-05
613	-1.8	1.1028E-05
614	-1.78	1.0035E-05
615	-1.76	9.0812E-06
616	-1.74	8.2147E-06
617	-1.72	7.3884E-06
618	-1.7	6.667E-06
619	-1.68	5.9762E-06
620	-1.66	5.3823E-06
621	-1.64	4.8111E-06
622	-1.62	4.3173E-06
623	-1.6	3.8468E-06
624	-1.58	3.4307E-06
625	-1.56	3.0523E-06
626	-1.54	2.7061E-06
627	-1.52	2.4038E-06
628	-1.5	2.1206E-06
629	-1.48	1.8737E-06
630	-1.46	1.6459E-06
631	-1.44	1.4507E-06
632	-1.42	1.2705E-06
633	-1.4	1.1142E-06
634	-1.38	9.8156E-07
635	-1.36	8.5104E-07
636	-1.34	7.4399E-07
637	-1.32	6.4358E-07
638	-1.3	5.6015E-07
639	-1.28	4.8442E-07
640	-1.26	4.2132E-07
641	-1.24	3.6261E-07
642	-1.22	3.1227E-07
643	-1.2	2.6987E-07
644	-1.18	2.308E-07
645	-1.16	1.978E-07
646	-1.14	1.6742E-07
647	-1.12	1.4557E-07
648	-1.1	1.2374E-07
649	-1.08	1.064E-07
650	-1.06	9.0352E-08
651	-1.04	7.9809E-08
652	-1.02	6.6214E-08
653	-1	5.6406E-08
654	-0.98	4.7351E-08
655	-0.96	3.8828E-08
656	-0.94	3.3651E-08
657	-0.92	2.9199E-08
658	-0.9	2.4729E-08
659	-0.88	2.2013E-08
660	-0.86	2.0046E-08
661	-0.84	1.6285E-08
662	-0.82	1.3923E-08
663	-0.8	1.214E-08
664	-0.78	1.0603E-08
665	-0.76	1.0582E-08
666	-0.74	9.544E-09
667	-0.72	7.1116E-09
668	-0.7	4.8496E-09
669	-0.68	5.9725E-09
670	-0.66	4.2629E-09
671	-0.64	4.6341E-09
672	-0.62	4.4847E-09
673	-0.6	5.1204E-09
674	-0.58	5.3935E-09
675	-0.56	3.8554E-09
676	-0.54	3.5302E-09
677	-0.52	2.9535E-09
678	-0.5	1.9032E-09
679	-0.48	1.6932E-09
680	-0.46	2.6599E-09
681	-0.44	2.8441E-09
682	-0.42	3.8481E-09
683	-0.4	4.2988E-09
684	-0.38	2.9236E-09
685	-0.36	2.7169E-09
686	-0.34	2.2343E-09
687	-0.32	2.2398E-09
688	-0.3	9.187E-10
689	-0.28	2.1643E-09
690	-0.26	2.3255E-09
691	-0.24	3.1342E-09
692	-0.22	3.952E-09
693	-0.2	2.6009E-09
694	-0.18	2.4113E-09
695	-0.16	1.8204E-09
696	-0.14	1.783E-09
697	-0.12	1.3976E-09
698	-0.1	2.0474E-09
699	-0.08	2.3784E-09
700	-0.06	3.4102E-09
701	-0.04	3.7365E-09
702	-0.02	2.4405E-09
703	0	2.3504E-09
704	0.02	1.8212E-09
705	0.04	1.8791E-09
706	0.06	1.8369E-09
707	0.08	2.3235E-09
708	0.1	3.6259E-09
709	0.12	3.257E-09
710	0.14	2.3783E-09
711	0.16	2.0971E-09
712	0.18	2.0494E-09
713	0.2	7.644E-10
714	0.22	1.9668E-09
715	0.24	2.1529E-09
716	0.26	3.1697E-09
717	0.28	3.7685E-09
718	0.3	2.4804E-09
719	0.32	2.3759E-09
720	0.34	1.7563E-09
721	0.36	1.782E-09
722	0.38	9.979E-10
723	0.4	2.0891E-09
724	0.42	2.3247E-09
725	0.44	3.4244E-09
726	0.46	3.8435E-09
727	0.48	2.5545E-09
728	0.5	2.4109E-09
729	0.52	2.4146E-09
730	0.54	6.994E-10
731	0.56	2.0173E-09
732	0.58	2.2573E-09
733	0.6	2.9839E-09
734	0.62	4.0402E-09
735	0.64	3.3946E-09
736	0.66	2.8291E-09
737	0.68	2.7156E-09
738	0.7	1.9389E-09
739	0.72	1.3391E-09
740	0.74	2.905E-09
741	0.76	3.6031E-09
742	0.78	4.6868E-09
743	0.8	6.3743E-09
744	0.82	7.1185E-09
745	0.84	7.3681E-09
746	0.86	8.6568E-09
747	0.88	9.6005E-09
748	0.9	1.1883E-08
749	0.92	1.5618E-08
750	0.94	1.9744E-08
751	0.96	2.4441E-08
752	0.98	2.9853E-08
753	1	3.4924E-08
754	1.02	4.0494E-08
755	1.04	5.1666E-08
756	1.06	6.2146E-08
757	1.08	7.4913E-08
758	1.1	9.0387E-08
759	1.12	1.09366E-07
760	1.14	1.0494E-07
761	1.16	1.3422E-07
762	1.18	1.6791E-07
763	1.2	1.9713E-07
764	1.22	2.3502E-07
765	1.24	2.742E-07
766	1.26	3.2044E-07
767	1.28	3.7116E-07
768	1.3	4.2957E-07
769	1.32	4.9001E-07
770	1.34	5.637E-07
771	1.36	6.3849E-07
772	1.38	7.2713E-07
773	1.4	8.2161E-07
774	1.42	9.2508E-07
775	1.44	1.04535E-06
776	1.46	1.0522E-06
777	1.48	1.2413E-06
778	1.5	1.427E-06
779	1.52	1.6073E-06
780	1.54	1.7789E-06
781	1.56	1.9745E-06
782	1.58	2.1758E-06
783	1.6	2.3925E-06
784	1.62	2.6385E-06
785	1.64	2.8841E-06
786	1.66	3.1611E-06
787	1.68	3.4383E-06
788	1.7	3.7502E-06
789	1.72	4.0627E-06
790	1.74	4.4107E-06
791	1.76	4.754E-06
792	1.78	5.1458E-06
793	1.8	5.5258E-06
794	1.82	5.9367E-06
795	1.84	6.3826E-06
796	1.86	6.8238E-06
797	1.88	7.3111E-06
798	1.9	7.7899E-06
799	1.92	8.3191E-06
800	1.94	8.8412E-06
801	1.96	9.4131E-06
802	1.98	9.9694E-06
803	2	1.05533E-05
804	2.02	1.11863E-05
805	2.04	1.1406E-05
806	2.06	1.2296E-05
807	2.08	1.3116E-05
808	2.1	1.3874E-05
809	2.12	1.4565E-05
810	2.14	1.5332E-05
811	2.16	1.6079E-05
812	2.18	1.6888E-05
813	2.2	1.7687E-05
814	2.22	1.8493E-05
815	2.24	1.9373E-05
816	2.26	2.0228E-05
817	2.28	2.1151E-05
818	2.3	2.2052E-05
819	2.32	2.3027E-05
820	2.34	2.3971E-05
821	2.36	2.4988E-05
822	2.38	2.598E-05
823	2.4	2.7003E-05
824	2.42	2.8106E-05
825	2.44	2.9186E-05
826	2.46	3.034E-05
827	2.48	3.1468E-05
828	2.5	3.2676E-05
829	2.52	3.3866E-05
830	2.54	3.5136E-05
831	2.56	3.6375E-05
832	2.58	3.7684E-05
833	2.6	3.8974E-05
834	2.62	4.0275E-05
835	2.64	4.1648E-05
836	2.66	4.2979E-05
837	2.68	4.4366E-05
838	2.7	4.5709E-05
839	2.72	4.7092E-05
840	2.74	4.8432E-05
841	2.76	4.9798E-05
842	2.78	5.1121E-05
843	2.8	5.2417E-05
844	2.82	5.3731E-05
845	2.84	5.4986E-05
846	2.86	5.6242E-05
847	2.88	5.7435E-05
848	2.9	5.8625E-05
849	2.92	5.9742E-05
850	2.94	6.0858E-05
851	2.96	6.1882E-05
852	2.98	6.2915E-05
853	3	6.3855E-05
854	3.02	6.4759E-05
855	3.04	6.5627E-05
856	3.06	6.6421E-05
857	3.08	6.7202E-05
858	3.1	6.7901E-05
859	3.12	6.8594E-05
860	3.14	6.9212E-05
861	3.16	6.9812E-05
862	3.18	7.0343E-05
863	3.2	7.0869E-05
864	3.22	7.1327E-05
865	3.24	7.1755E-05
866	3.26	7.2184E-05
867	3.28	7.2558E-05
868	3.3	7.2928E-05
869	3.32	7.3249E-05
870	3.34	7.3574E-05
871	3.36	7.3862E-05
872	3.38	7.4151E-05
873	3.4	7.4392E-05
874	3.42	7.463E-05
875	3.44	7.4879E-05
876	3.46	7.508E-05
877	3.48	7.5302E-05
878	3.5	7.5484E-05
879	3.52	7.5684E-05
880	3.54	7.5848E-05
881	3.56	7.6027E-05
882	3.58	7.6174E-05
883	3.6	7.6332E-05
884	3.62	7.6465E-05
885	3.64	7.6601E-05
886	3.66	7.6747E-05
887	3.68	7.6856E-05
888	3.7	7.699E-05
889	3.72	7.7092E-05
890	3.74	7.7215E-05
891	3.76	7.7308E-05
892	3.78	7.742E-05
893	3.8	7.7513E-05
894	3.82	7.7595E-05
895	3.84	7.7697E-05
896	3.86	7.7769E-05
897	3.88	7.7859E-05
898	3.9	7.7931E-05
899	3.92	7.8017E-05
900	3.94	7.8073E-05
901	3.96	7.8146E-05
902	3.98	7.8197E-05
903	4	7.8255E-05
904	4	7.7946E-05
905	3.98	7.6707E-05
906	3.96	7.696E-05
907	3.94	7.662E-05
908	3.92	7.6335E-05
909	3.9	7.6066E-05
910	3.88	7.5812E-05
911	3.86	7.5533E-05
912	3.84	7.5299E-05
913	3.82	7.5022E-05
914	3.8	7.479E-05
915	3.78	7.457E-05
916	3.76	7.4311E-05
917	3.74	7.4073E-05
918	3.72	7.3882E-05
919	3.7	7.3661E-05
920	3.68	7.3414E-05
921	3.66	7.3197E-05
922	3.64	7.2966E-05
923	3.62	7.2742E-05
924	3.6	7.252E-05
925	3.58	7.2278E-05
926	3.56	7.2066E-05
927	3.54	7.182E-05
928	3.52	7.1602E-05
929	3.5	7.1363E-05
930	3.48	7.1146E-05
931	3.46	7.0906E-05
932	3.44	7.0689E-05
933	3.42	7.0449E-05
934	3.4	7.0233E-05
935	3.38	7.0014E-05
936	3.36	6.9765E-05
937	3.34	6.955E-05
938	3.32	6.9311E-05
939	3.3	6.9086E-05
940	3.28	6.8843E-05
941	3.26	6.863E-05
942	3.24	6.8377E-05
943	3.22	6.8157E-05
944	3.2	6.7934E-05
945	3.18	6.7684E-05
946	3.16	6.746E-05
947	3.14	6.7204E-05
948	3.12	6.6984E-05
949	3.1	6.6725E-05
950	3.08	6.6504E-05
951	3.06	6.624E-05
952	3.04	6.6011E-05
953	3.02	6.5751E-05
954	3	6.5522E-05
955	2.98	6.5278E-05
956	2.96	6.5016E-05
957	2.94	6.4788E-05
958	2.92	6.4507E-05
959	2.9	6.4274E-05
960	2.88	6.4008E-05
961	2.86	6.3767E-05
962	2.84	6.3495E-05
963	2.82	6.3252E-05
964	2.8	6.2972E-05
965	2.78	6.2722E-05
966	2.76	6.2464E-05
967	2.74	6.217E-05
968	2.72	6.1913E-05
969	2.7	6.1622E-05
970	2.68	6.1358E-05
971	2.66	6.1059E-05
972	2.64	6.0796E-05
973	2.62	6.0494E-05
974	2.6	6.0225E-05
975	2.58	5.9942E-05
976	2.56	5.963E-05
977	2.54	5.9347E-05
978	2.52	5.9026E-05
979	2.5	5.8741E-05
980	2.48	5.8416E-05
981	2.46	5.8121E-05
982	2.44	5.7797E-05
983	2.42	5.7496E-05
984	2.4	5.7167E-05
985	2.38	5.686E-05
986	2.36	5.6547E-05
987	2.34	5.62E-05
988	2.32	5.5892E-05
989	2.3	5.5531E-05
990	2.28	5.5203E-05
991	2.26	5.4841E-05
992	2.24	5.4513E-05
993	2.22	5.4147E-05
994	2.2	5.3799E-05
995	2.18	5.3451E-05
996	2.16	5.3063E-05
997	2.14	5.2716E-05
998	2.12	5.2319E-05
999	2.1	5.196E-05
1000	2.08	5.1558E-05
1001	2.06	5.12E-05
1002	2.04	5.0789E-05
1003	2.02	5.0409E-05
1004	2	4.9992E-05
1005	1.98	4.9605E-05
1006	1.96	4.9221E-05
1007	1.94	4.8795E-05
1008	1.92	4.8399E-05
1009	1.9	4.7958E-05
1010	1.88	4.7567E-05
1011	1.86	4.7134E-05
1012	1.84	4.6725E-05
1013	1.82	4.6277E-05
1014	1.8	4.5869E-05
1015	1.78	4.5458E-05
1016	1.76	4.4991E-05
1017	1.74	4.458E-05
1018	1.72	4.4113E-05
1019	1.7	4.368E-05
1020	1.68	4.321E-05
1021	1.66	4.2792E-05
1022	1.64	4.2319E-05
1023	1.62	4.1887E-05
1024	1.6	4.1409E-05
1025	1.58	4.0981E-05
1026	1.56	4.0545E-05
1027	1.54	4.0071E-05
1028	1.52	3.9632E-05
1029	1.5	3.9152E-05
1030	1.48	3.8726E-05
1031	1.46	3.824E-05
1032	1.44	3.7807E-05
1033	1.42	3.7325E-05
1034	1.4	3.6894E-05
1035	1.38	3.6466E-05
1036	1.36	3.5982E-05
1037	1.34	3.555E-05
1038	1.32	3.5067E-05
1039	1.3	3.4625E-05
1040	1.28	3.4147E-05
1041	1.26	3.3702E-05
1042	1.24	3.3221E-05
1043	1.22	3.2783E-05
1044	1.2	3.2304E-05
1045	1.18	3.1873E-05
1046	1.16	3.1419E-05
1047	1.14	3.0949E-05
1048	1.12	3.0509E-05
1049	1.1	3.0024E-05
1050	1.08	2.9574E-05
1051	1.06	2.9091E-05
1052	1.04	2.8638E-05
1053	1.02	2.8141E-05
1054	1	2.7689E-05
1055	0.98	2.723E-05
1056	0.96	2.6738E-05
1057	0.94	2.6277E-05
1058	0.92	2.5773E-05
1059	0.9	2.5312E-05
1060	0.88	2.481E-05
1061	0.86	2.4339E-05
1062	0.84	2.382E-05
1063	0.82	2.3348E-05
1064	0.8	2.2831E-05
1065	0.78	2.2344E-05
1066	0.76	2.1858E-05
1067	0.74	2.132E-05
1068	0.72	2.0825E-05
1069	0.7	2.0278E-05
1070	0.68	1.9778E-05
1071	0.66	1.9234E-05
1072	0.64	1.8716E-05
1073	0.62	1.816E-05
1074	0.6	1.7637E-05
1075	0.58	1.7102E-05
1076	0.56	1.6533E-05
1077	0.54	1.5999E-05
1078	0.52	1.5425E-05
1079	0.5	1.4876E-05
1080	0.48	1.4298E-05
1081	0.46	1.3744E-05
1082	0.44	1.3156E-05
1083	0.42	1.2596E-05
1084	0.4	1.2006E-05
1085	0.38	1.1447E-05
1086	0.36	1.0879E-05
1087	0.34	1.0289E-05
1088	0.32	9.7847E-06
1089	0.3	9.1455E-06
1090	0.28	8.5952E-06
1091	0.26	8.0231E-06
1092	0.24	7.4857E-06
1093	0.22	6.9353E-06
1094	0.2	6.4163E-06
1095	0.18	5.9075E-06
1096	0.16	5.3943E-06
1097	0.14	4.9258E-06
1098	0.12	4.4583E-06
1099	0.1	4.0281E-06
1100	0.08	3.6101E-06
1101	0.06	3.2304E-06
1102	0.04	2.8597E-06
1103	0.02	2.5306E-06
1104	0	2.2123E-06
1105	-0.02	1.9353E-06
1106	-0.04	1.6677E-06
1107	-0.06	1.4392E-06
1108	-0.08	1.2212E-06
1109	-0.1	1.0337E-06
1110	-0.12	8.468E-07
1111	-0.14	7.0666E-07
1112	-0.16	5.7684E-07
1113	-0.18	4.5966E-07
1114	-0.2	3.6234E-07
1115	-0.22	2.8081E-07
1116	-0.24	2.1488E-07
1117	-0.26	1.5878E-07
1118	-0.28	1.1776E-07
1119	-0.3	8.1665E-08
1120	-0.32	5.9831E-08
1121	-0.34	4.1446E-08
1122	-0.36	2.8657E-08
1123	-0.38	1.9723E-08
1124	-0.4	1.3543E-08
1125	-0.42	1.1343E-08
1126	-0.44	9.895E-09
1127	-0.46	1.0156E-08
1128	-0.48	1.0427E-08
1129	-0.5	1.1875E-08
1130	-0.52	1.4289E-08
1131	-0.54	1.8657E-08
1132	-0.56	1.9758E-08
1133	-0.58	2.4514E-08
1134	-0.6	2.9523E-08
1135	-0.62	3.4996E-08
1136	-0.64	4.1319E-08
1137	-0.66	4.9008E-08
1138	-0.68	6.1534E-08
1139	-0.7	7.2845E-08
1140	-0.72	8.6827E-08
1141	-0.74	1.04275E-07
1142	-0.76	1.3099E-07
1143	-0.78	1.4923E-07
1144	-0.8	1.7126E-07
1145	-0.82	1.9823E-07
1146	-0.84	2.2589E-07
1147	-0.86	2.6024E-07
1148	-0.88	2.9682E-07
1149	-0.9	3.4003E-07
1150	-0.92	3.8274E-07
1151	-0.94	4.342E-07
1152	-0.96	4.8857E-07
1153	-0.98	5.5123E-07
1154	-1	6.1182E-07
1155	-1.02	6.8868E-07
1156	-1.04	7.6207E-07
1157	-1.06	8.4251E-07
1158	-1.08	9.3301E-07
1159	-1.1	1.03423E-06
1160	-1.12	1.1413E-06
1161	-1.14	1.2585E-06
1162	-1.16	1.3851E-06
1163	-1.18	1.5252E-06
1164	-1.2	1.6825E-06
1165	-1.22	1.8435E-06
1166	-1.24	2.0025E-06
1167	-1.26	2.1889E-06
1168	-1.28	2.3859E-06
1169	-1.3	2.6086E-06
1170	-1.32	2.846E-06
1171	-1.34	3.1106E-06
1172	-1.36	3.3783E-06
1173	-1.38	3.6674E-06
1174	-1.4	3.9677E-06
1175	-1.42	4.2636E-06
1176	-1.44	4.6121E-06
1177	-1.46	4.948E-06
1178	-1.48	5.3322E-06
1179	-1.5	5.7349E-06
1180	-1.52	6.195E-06
1181	-1.54	6.6435E-06
1182	-1.56	7.1398E-06
1183	-1.58	7.6309E-06
1184	-1.6	8.1611E-06
1185	-1.62	8.7356E-06
1186	-1.64	9.3118E-06
1187	-1.66	9.9154E-06
1188	-1.68	1.05525E-05
1189	-1.7	1.12513E-05
1190	-1.72	1.1428E-05
1191	-1.74	1.2405E-05
1192	-1.76	1.3394E-05
1193	-1.78	1.4321E-05
1194	-1.8	1.5143E-05
1195	-1.82	1.5994E-05
1196	-1.84	1.6958E-05
1197	-1.86	1.7898E-05
1198	-1.88	1.8925E-05
1199	-1.9	1.9902E-05
1200	-1.92	2.0998E-05
1201	-1.94	2.2E-05
1202	-1.96	2.3141E-05
1203	-1.98	2.4198E-05
1204	-2	2.5329E-05
