FET Vgs-Id
VG=	-1	to	2	in	0.02	step
VDS=	0.05	to	0.5	in	0.45	step
NO.	VG	ID
	V	A
1	-1	2.8911E-09
2	-0.98	3.7536E-09
3	-0.96	5.3523E-09
4	-0.94	3.7669E-09
5	-0.92	4.0542E-09
6	-0.9	3.8177E-09
7	-0.88	3.2482E-09
8	-0.86	2.0621E-09
9	-0.84	3.4106E-09
10	-0.82	3.667E-09
11	-0.8	4.0979E-09
12	-0.78	5.2564E-09
13	-0.76	4.5915E-09
14	-0.74	3.8874E-09
15	-0.72	3.5777E-09
16	-0.7	2.4724E-09
17	-0.68	2.1965E-09
18	-0.66	3.4115E-09
19	-0.64	3.7143E-09
20	-0.62	4.6737E-09
21	-0.6	5.1965E-09
22	-0.58	3.9733E-09
23	-0.56	3.6684E-09
24	-0.54	2.8251E-09
25	-0.52	2.0767E-09
26	-0.5	3.4048E-09
27	-0.48	3.5792E-09
28	-0.46	4.3999E-09
29	-0.44	5.2775E-09
30	-0.42	3.9162E-09
31	-0.4	3.6793E-09
32	-0.38	2.897E-09
33	-0.36	1.9644E-09
34	-0.34	3.334E-09
35	-0.32	3.5063E-09
36	-0.3	4.3075E-09
37	-0.28	5.1234E-09
38	-0.26	3.8717E-09
39	-0.24	3.6685E-09
40	-0.22	3.0439E-09
41	-0.2	1.8638E-09
42	-0.18	3.0991E-09
43	-0.16	3.3949E-09
44	-0.14	4.0547E-09
45	-0.12	4.9861E-09
46	-0.1	3.8246E-09
47	-0.08	3.4392E-09
48	-0.06	2.8748E-09
49	-0.04	1.6909E-09
50	-0.02	2.9058E-09
51	0	3.0704E-09
52	0.02	3.7734E-09
53	0.04	4.7869E-09
54	0.06	3.5098E-09
55	0.08	2.9585E-09
56	0.1	1.6951E-09
57	0.12	2.9471E-09
58	0.14	3.1962E-09
59	0.16	4.0341E-09
60	0.18	4.8368E-09
61	0.2	3.4675E-09
62	0.22	3.2924E-09
63	0.24	2.3989E-09
64	0.26	1.5562E-09
65	0.28	2.9021E-09
66	0.3	3.1347E-09
67	0.32	3.9777E-09
68	0.34	4.742E-09
69	0.36	3.5221E-09
70	0.38	3.3307E-09
71	0.4	2.5847E-09
72	0.42	1.6509E-09
73	0.44	2.994E-09
74	0.46	3.3485E-09
75	0.48	4.1507E-09
76	0.5	5.6879E-09
77	0.52	5.4895E-09
78	0.54	7.1073E-09
79	0.56	1.02661E-08
80	0.58	1.8325E-08
81	0.6	3.4157E-08
82	0.62	5.6107E-08
83	0.64	9.6511E-08
84	0.66	1.5231E-07
85	0.68	2.3627E-07
86	0.7	3.4392E-07
87	0.72	4.791E-07
88	0.74	6.3126E-07
89	0.76	8.0531E-07
90	0.78	9.957E-07
91	0.8	1.1893E-06
92	0.82	1.4102E-06
93	0.84	1.6397E-06
94	0.86	1.8747E-06
95	0.88	2.1164E-06
96	0.9	2.3651E-06
97	0.92	2.615E-06
98	0.94	2.8694E-06
99	0.96	3.128E-06
100	0.98	3.389E-06
101	1	3.6525E-06
102	1.02	3.9133E-06
103	1.04	4.1839E-06
104	1.06	4.4492E-06
105	1.08	4.7168E-06
106	1.1	4.9834E-06
107	1.12	5.2497E-06
108	1.14	5.5214E-06
109	1.16	5.7804E-06
110	1.18	6.0472E-06
111	1.2	6.3138E-06
112	1.22	6.5765E-06
113	1.24	6.8377E-06
114	1.26	7.097E-06
115	1.28	7.3554E-06
116	1.3	7.6135E-06
117	1.32	7.8594E-06
118	1.34	8.1049E-06
119	1.36	8.3579E-06
120	1.38	8.6042E-06
121	1.4	8.8431E-06
122	1.42	9.0828E-06
123	1.44	9.3179E-06
124	1.46	9.5523E-06
125	1.48	9.7795E-06
126	1.5	9.9936E-06
127	1.52	1.02186E-05
128	1.54	1.04383E-05
129	1.56	1.06487E-05
130	1.58	1.0858E-05
131	1.6	1.10623E-05
132	1.62	1.12635E-05
133	1.64	1.1434E-05
134	1.66	1.1647E-05
135	1.68	1.1825E-05
136	1.7	1.2014E-05
137	1.72	1.2192E-05
138	1.74	1.2365E-05
139	1.76	1.2533E-05
140	1.78	1.2695E-05
141	1.8	1.2861E-05
142	1.82	1.3E-05
143	1.84	1.3145E-05
144	1.86	1.3296E-05
145	1.88	1.3434E-05
146	1.9	1.3569E-05
147	1.92	1.3697E-05
148	1.94	1.3825E-05
149	1.96	1.3952E-05
150	1.98	1.405E-05
151	2	1.4163E-05
152	2	1.4091E-05
153	1.98	1.3824E-05
154	1.96	1.36E-05
155	1.94	1.3388E-05
156	1.92	1.3184E-05
157	1.9	1.2987E-05
158	1.88	1.277E-05
159	1.86	1.257E-05
160	1.84	1.2377E-05
161	1.82	1.2173E-05
162	1.8	1.1973E-05
163	1.78	1.1768E-05
164	1.76	1.1564E-05
165	1.74	1.136E-05
166	1.72	1.1156E-05
167	1.7	1.0933E-05
168	1.68	1.0717E-05
169	1.66	1.051E-05
170	1.64	1.0292E-05
171	1.62	1.0075E-05
172	1.6	9.8651E-06
173	1.58	9.6266E-06
174	1.56	9.4035E-06
175	1.54	9.1807E-06
176	1.52	8.9424E-06
177	1.5	8.7036E-06
178	1.48	8.4766E-06
179	1.46	8.2427E-06
180	1.44	8.0026E-06
181	1.42	7.7634E-06
182	1.4	7.5219E-06
183	1.38	7.279E-06
184	1.36	7.0332E-06
185	1.34	6.7891E-06
186	1.32	6.5373E-06
187	1.3	6.2826E-06
188	1.28	6.0343E-06
189	1.26	5.7834E-06
190	1.24	5.53E-06
191	1.22	5.275E-06
192	1.2	5.0199E-06
193	1.18	4.763E-06
194	1.16	4.5076E-06
195	1.14	4.2541E-06
196	1.12	3.9945E-06
197	1.1	3.7379E-06
198	1.08	3.488E-06
199	1.06	3.2371E-06
200	1.04	2.9845E-06
201	1.02	2.7355E-06
202	1	2.4921E-06
203	0.98	2.2485E-06
204	0.96	2.0123E-06
205	0.94	1.7806E-06
206	0.92	1.5554E-06
207	0.9	1.3409E-06
208	0.88	1.1361E-06
209	0.86	9.461E-07
210	0.84	7.593E-07
211	0.82	5.9462E-07
212	0.8	4.4779E-07
213	0.78	3.2548E-07
214	0.76	2.2483E-07
215	0.74	1.4713E-07
216	0.72	9.2353E-08
217	0.7	5.6239E-08
218	0.68	3.1993E-08
219	0.66	1.8498E-08
220	0.64	1.1191E-08
221	0.62	6.6091E-09
222	0.6	5.6998E-09
223	0.58	4.7124E-09
224	0.56	3.9005E-09
225	0.54	3.4874E-09
226	0.52	2.7909E-09
227	0.5	1.6131E-09
228	0.48	2.3222E-09
229	0.46	2.9488E-09
230	0.44	3.2192E-09
231	0.42	4.0456E-09
232	0.4	4.8211E-09
233	0.38	3.535E-09
234	0.36	3.3974E-09
235	0.34	3.1128E-09
236	0.32	2.1483E-09
237	0.3	1.5413E-09
238	0.28	2.9408E-09
239	0.26	3.1453E-09
240	0.24	3.7325E-09
241	0.22	4.6757E-09
242	0.2	4.3819E-09
243	0.18	3.4842E-09
244	0.16	3.2522E-09
245	0.14	2.5343E-09
246	0.12	1.5918E-09
247	0.1	2.5466E-09
248	0.08	3.0448E-09
249	0.06	3.3448E-09
250	0.04	4.0871E-09
251	0.02	4.8331E-09
252	0	3.6303E-09
253	-0.02	3.6212E-09
254	-0.04	3.2904E-09
255	-0.06	1.7394E-09
256	-0.08	3.1545E-09
257	-0.1	3.4558E-09
258	-0.12	4.3046E-09
259	-0.14	5.156E-09
260	-0.16	4.1217E-09
261	-0.18	3.7054E-09
262	-0.2	3.5311E-09
263	-0.22	2.7747E-09
264	-0.24	1.992E-09
265	-0.26	2.7766E-09
266	-0.28	3.3506E-09
267	-0.3	3.5724E-09
268	-0.32	4.2709E-09
269	-0.34	5.2152E-09
270	-0.36	4.2003E-09
271	-0.38	3.8787E-09
272	-0.4	3.714E-09
273	-0.42	3.0854E-09
274	-0.44	2.1225E-09
275	-0.46	2.6249E-09
276	-0.48	3.4438E-09
277	-0.5	3.629E-09
278	-0.52	4.387E-09
279	-0.54	5.2714E-09
280	-0.56	4.0847E-09
281	-0.58	3.7961E-09
282	-0.6	3.5965E-09
283	-0.62	2.7998E-09
284	-0.64	2.1329E-09
285	-0.66	3.1978E-09
286	-0.68	3.5222E-09
287	-0.7	3.7372E-09
288	-0.72	4.4754E-09
289	-0.74	5.2747E-09
290	-0.76	4.4693E-09
291	-0.78	3.9045E-09
292	-0.8	3.7122E-09
293	-0.82	3.3483E-09
294	-0.84	2.3314E-09
295	-0.86	2.3232E-09
296	-0.88	3.4943E-09
297	-0.9	3.6655E-09
298	-0.92	4.2882E-09
299	-0.94	5.174E-09
300	-0.96	5.3096E-09
301	-0.98	4.1124E-09
302	-1	3.9004E-09
303	-1	4.8017E-08
304	-0.98	4.6356E-08
305	-0.96	4.385E-08
306	-0.94	4.4121E-08
307	-0.92	4.2641E-08
308	-0.9	4.0814E-08
309	-0.88	3.8436E-08
310	-0.86	4.0065E-08
311	-0.84	3.7768E-08
312	-0.82	3.8725E-08
313	-0.8	3.8325E-08
314	-0.78	3.7886E-08
315	-0.76	3.6511E-08
316	-0.74	3.7144E-08
317	-0.72	3.5836E-08
318	-0.7	3.2607E-08
319	-0.68	3.3963E-08
320	-0.66	3.3929E-08
321	-0.64	3.3768E-08
322	-0.62	3.5067E-08
323	-0.6	3.4414E-08
324	-0.58	3.4502E-08
325	-0.56	3.3748E-08
326	-0.54	3.3004E-08
327	-0.52	3.0839E-08
328	-0.5	3.3553E-08
329	-0.48	3.3694E-08
330	-0.46	3.3071E-08
331	-0.44	3.4708E-08
332	-0.42	3.3762E-08
333	-0.4	3.3126E-08
334	-0.38	3.2432E-08
335	-0.36	3.2117E-08
336	-0.34	3.3752E-08
337	-0.32	3.2995E-08
338	-0.3	3.29E-08
339	-0.28	3.6578E-08
340	-0.26	3.5334E-08
341	-0.24	3.4841E-08
342	-0.22	3.3612E-08
343	-0.2	3.26E-08
344	-0.18	3.2477E-08
345	-0.16	3.1671E-08
346	-0.14	3.2562E-08
347	-0.12	3.2219E-08
348	-0.1	3.3652E-08
349	-0.08	3.3518E-08
350	-0.06	3.0123E-08
351	-0.04	3.1572E-08
352	-0.02	3.049E-08
353	0	2.9942E-08
354	0.02	3.0818E-08
355	0.04	3.0132E-08
356	0.06	3.2338E-08
357	0.08	3.0399E-08
358	0.1	2.9841E-08
359	0.12	2.8771E-08
360	0.14	2.7998E-08
361	0.16	2.9355E-08
362	0.18	2.8819E-08
363	0.2	3.0201E-08
364	0.22	3.2074E-08
365	0.24	2.9234E-08
366	0.26	2.9078E-08
367	0.28	2.8612E-08
368	0.3	2.6867E-08
369	0.32	3.0179E-08
370	0.34	3.0002E-08
371	0.36	2.9447E-08
372	0.38	3.0697E-08
373	0.4	2.9288E-08
374	0.42	2.9448E-08
375	0.44	2.8864E-08
376	0.46	2.7214E-08
377	0.48	2.8877E-08
378	0.5	2.8549E-08
379	0.52	3.0511E-08
380	0.54	3.4568E-08
381	0.56	3.5162E-08
382	0.58	3.9784E-08
383	0.6	5.0281E-08
384	0.62	7.1364E-08
385	0.64	1.08391E-07
386	0.66	1.6329E-07
387	0.68	2.6011E-07
388	0.7	4.0011E-07
389	0.72	5.8631E-07
390	0.74	8.3692E-07
391	0.76	1.1433E-06
392	0.78	1.5419E-06
393	0.8	2.0203E-06
394	0.82	2.5805E-06
395	0.84	3.2289E-06
396	0.86	3.97E-06
397	0.88	4.7992E-06
398	0.9	5.7272E-06
399	0.92	6.755E-06
400	0.94	7.8741E-06
401	0.96	9.1015E-06
402	0.98	1.04257E-05
403	1	1.1796E-05
404	1.02	1.3341E-05
405	1.04	1.4992E-05
406	1.06	1.674E-05
407	1.08	1.8578E-05
408	1.1	2.0504E-05
409	1.12	2.2532E-05
410	1.14	2.4656E-05
411	1.16	2.6858E-05
412	1.18	2.9129E-05
413	1.2	3.1476E-05
414	1.22	3.3871E-05
415	1.24	3.6321E-05
416	1.26	3.8783E-05
417	1.28	4.1292E-05
418	1.3	4.3828E-05
419	1.32	4.6372E-05
420	1.34	4.8946E-05
421	1.36	5.1522E-05
422	1.38	5.4106E-05
423	1.4	5.6681E-05
424	1.42	5.9249E-05
425	1.44	6.1814E-05
426	1.46	6.4381E-05
427	1.48	6.6921E-05
428	1.5	6.9465E-05
429	1.52	7.1989E-05
430	1.54	7.4494E-05
431	1.56	7.6973E-05
432	1.58	7.9424E-05
433	1.6	8.1851E-05
434	1.62	8.4264E-05
435	1.64	8.6642E-05
436	1.66	8.8995E-05
437	1.68	9.132E-05
438	1.7	9.3602E-05
439	1.72	9.5862E-05
440	1.74	9.8086E-05
441	1.76	0.00010025
442	1.78	0.000102401
443	1.8	0.000104505
444	1.82	0.000106577
445	1.84	0.00010861
446	1.86	0.000110593
447	1.88	0.000112541
448	1.9	0.00011413
449	1.92	0.00011626
450	1.94	0.00011807
451	1.96	0.00011985
452	1.98	0.00012157
453	2	0.00012327
454	2	0.00012272
455	1.98	0.00012001
456	1.96	0.00011761
457	1.94	0.00011523
458	1.92	0.00011294
459	1.9	0.00011064
460	1.88	0.00010836
461	1.86	0.00010608
462	1.84	0.00010377
463	1.82	0.00010149
464	1.8	9.927E-05
465	1.78	9.684E-05
466	1.76	9.4498E-05
467	1.74	9.2123E-05
468	1.72	8.9748E-05
469	1.7	8.7354E-05
470	1.68	8.4952E-05
471	1.66	8.2531E-05
472	1.64	8.0088E-05
473	1.62	7.7643E-05
474	1.6	7.5173E-05
475	1.58	7.2696E-05
476	1.56	7.0194E-05
477	1.54	6.7694E-05
478	1.52	6.5187E-05
479	1.5	6.2665E-05
480	1.48	6.0142E-05
481	1.46	5.7629E-05
482	1.44	5.5103E-05
483	1.42	5.2579E-05
484	1.4	5.0058E-05
485	1.38	4.756E-05
486	1.36	4.5051E-05
487	1.34	4.2562E-05
488	1.32	4.0098E-05
489	1.3	3.7663E-05
490	1.28	3.5254E-05
491	1.26	3.2884E-05
492	1.24	3.0569E-05
493	1.22	2.8289E-05
494	1.2	2.6078E-05
495	1.18	2.3933E-05
496	1.16	2.1872E-05
497	1.14	1.9891E-05
498	1.12	1.8003E-05
499	1.1	1.6212E-05
500	1.08	1.4519E-05
501	1.06	1.2922E-05
502	1.04	1.1424E-05
503	1.02	1.0024E-05
504	1	8.7467E-06
505	0.98	7.5302E-06
506	0.96	6.4288E-06
507	0.94	5.4305E-06
508	0.92	4.5308E-06
509	0.9	3.7183E-06
510	0.88	3.0038E-06
511	0.86	2.3817E-06
512	0.84	1.845E-06
513	0.82	1.3927E-06
514	0.8	1.0208E-06
515	0.78	7.2993E-07
516	0.76	4.9736E-07
517	0.74	3.3086E-07
518	0.72	2.1298E-07
519	0.7	1.3414E-07
520	0.68	9.089E-08
521	0.66	5.9444E-08
522	0.64	4.301E-08
523	0.62	3.8072E-08
524	0.6	3.3107E-08
525	0.58	3.1606E-08
526	0.56	3.2466E-08
527	0.54	3.0992E-08
528	0.52	2.9026E-08
529	0.5	2.9863E-08
530	0.48	2.9692E-08
531	0.46	2.8214E-08
532	0.44	2.8455E-08
533	0.42	2.9802E-08
534	0.4	2.8459E-08
535	0.38	3.0515E-08
536	0.36	3.1233E-08
537	0.34	3.1542E-08
538	0.32	2.9174E-08
539	0.3	3.03E-08
540	0.28	2.9252E-08
541	0.26	2.97E-08
542	0.24	2.7491E-08
543	0.22	3.1562E-08
544	0.2	3.0442E-08
545	0.18	3.1017E-08
546	0.16	3.2137E-08
547	0.14	3.3109E-08
548	0.12	3.085E-08
549	0.1	3.0532E-08
550	0.08	3.0433E-08
551	0.06	3.1184E-08
552	0.04	2.8303E-08
553	0.02	3.135E-08
554	0	3.066E-08
555	-0.02	3.1227E-08
556	-0.04	3.1868E-08
557	-0.06	3.2329E-08
558	-0.08	3.1556E-08
559	-0.1	3.1896E-08
560	-0.12	3.1101E-08
561	-0.14	3.363E-08
562	-0.16	3.3457E-08
563	-0.18	3.4388E-08
564	-0.2	3.509E-08
565	-0.22	3.592E-08
566	-0.24	3.5346E-08
567	-0.26	3.3952E-08
568	-0.28	3.4914E-08
569	-0.3	3.3951E-08
570	-0.32	3.2047E-08
571	-0.34	3.1175E-08
572	-0.36	3.3446E-08
573	-0.38	3.3568E-08
574	-0.4	3.4951E-08
575	-0.42	3.5055E-08
576	-0.44	3.4984E-08
577	-0.46	3.5047E-08
578	-0.48	3.5027E-08
579	-0.5	3.4567E-08
580	-0.52	3.4705E-08
581	-0.54	3.4337E-08
582	-0.56	3.3597E-08
583	-0.58	3.5405E-08
584	-0.6	3.5253E-08
585	-0.62	3.6202E-08
586	-0.64	3.8714E-08
587	-0.66	3.7504E-08
588	-0.68	3.618E-08
589	-0.7	3.6318E-08
590	-0.72	3.6543E-08
591	-0.74	3.6239E-08
592	-0.76	3.4822E-08
593	-0.78	3.6665E-08
594	-0.8	3.6511E-08
595	-0.82	3.743E-08
596	-0.84	3.8686E-08
597	-0.86	4.1601E-08
598	-0.88	4.1507E-08
599	-0.9	4.2613E-08
600	-0.92	4.2528E-08
601	-0.94	4.2811E-08
602	-0.96	4.5326E-08
603	-0.98	4.3648E-08
604	-1	4.815E-08
