FET Vgs-Id
VG=	-1	to	3	in	0.02	step
VDS=	0.05	to	0.5	in	0.45	step
NO.	VG	ID
	V	A
1	-1	3.207E-10
2	-0.98	2.3209E-09
3	-0.96	-2.4692E-09
4	-0.94	2.6529E-09
5	-0.92	-2.7598E-09
6	-0.9	2.7371E-09
7	-0.88	2.6128E-09
8	-0.86	2.7505E-09
9	-0.84	-1.8591E-09
10	-0.82	-2.2652E-09
11	-0.8	-2.7624E-09
12	-0.78	1.1578E-09
13	-0.76	2.6445E-09
14	-0.74	2.7292E-09
15	-0.72	-1.5175E-09
16	-0.7	-2.0141E-09
17	-0.68	-2.5468E-09
18	-0.66	7.323E-10
19	-0.64	2.0923E-09
20	-0.62	2.6199E-09
21	-0.6	-1.0125E-09
22	-0.58	-2.7533E-09
23	-0.56	-2.6496E-09
24	-0.54	4.407E-10
25	-0.52	1.834E-09
26	-0.5	2.758E-09
27	-0.48	-6.647E-10
28	-0.46	-2.7656E-09
29	-0.44	-2.5999E-09
30	-0.42	9.129E-10
31	-0.4	2.4901E-09
32	-0.38	2.6787E-09
33	-0.36	-1.5318E-09
34	-0.34	-1.7363E-09
35	-0.32	-2.5634E-09
36	-0.3	9.578E-10
37	-0.28	2.4545E-09
38	-0.26	2.7194E-09
39	-0.24	-1.4391E-09
40	-0.22	-1.7194E-09
41	-0.2	-2.3915E-09
42	-0.18	1.1141E-09
43	-0.16	2.9399E-09
44	-0.14	1.3022E-09
45	-0.12	1.8712E-09
46	-0.1	9.6E-10
47	-0.08	6.4422E-09
48	-0.06	1.4686E-08
49	-0.04	2.8054E-08
50	-0.02	4.9173E-08
51	0	8.7778E-08
52	0.02	1.4699E-07
53	0.04	2.2245E-07
54	0.06	3.3057E-07
55	0.08	4.664E-07
56	0.1	6.1977E-07
57	0.12	7.8561E-07
58	0.14	9.6849E-07
59	0.16	1.1545E-06
60	0.18	1.3479E-06
61	0.2	1.5362E-06
62	0.22	1.7279E-06
63	0.24	1.9282E-06
64	0.26	2.1171E-06
65	0.28	2.312E-06
66	0.3	2.4984E-06
67	0.32	2.6873E-06
68	0.34	2.8712E-06
69	0.36	3.0537E-06
70	0.38	3.2304E-06
71	0.4	3.4059E-06
72	0.42	3.5805E-06
73	0.44	3.7469E-06
74	0.46	3.9183E-06
75	0.48	4.0792E-06
76	0.5	4.2479E-06
77	0.52	4.3985E-06
78	0.54	4.5611E-06
79	0.56	4.7157E-06
80	0.58	4.8687E-06
81	0.6	5.016E-06
82	0.62	5.1597E-06
83	0.64	5.3075E-06
84	0.66	5.4485E-06
85	0.68	5.5865E-06
86	0.7	5.7286E-06
87	0.72	5.8696E-06
88	0.74	6.001E-06
89	0.76	6.1371E-06
90	0.78	6.2656E-06
91	0.8	6.3948E-06
92	0.82	6.5236E-06
93	0.84	6.6421E-06
94	0.86	6.7771E-06
95	0.88	6.896E-06
96	0.9	7.0201E-06
97	0.92	7.1386E-06
98	0.94	7.2584E-06
99	0.96	7.3793E-06
100	0.98	7.4899E-06
101	1	7.6031E-06
102	1.02	7.7192E-06
103	1.04	7.8317E-06
104	1.06	7.9406E-06
105	1.08	8.0521E-06
106	1.1	8.1584E-06
107	1.12	8.274E-06
108	1.14	8.371E-06
109	1.16	8.4763E-06
110	1.18	8.5861E-06
111	1.2	8.685E-06
112	1.22	8.7887E-06
113	1.24	8.8896E-06
114	1.26	8.9905E-06
115	1.28	9.0891E-06
116	1.3	9.193E-06
117	1.32	9.2805E-06
118	1.34	9.3781E-06
119	1.36	9.4799E-06
120	1.38	9.5744E-06
121	1.4	9.6652E-06
122	1.42	9.7578E-06
123	1.44	9.8509E-06
124	1.46	9.9429E-06
125	1.48	1.00347E-05
126	1.5	1.01142E-05
127	1.52	1.02105E-05
128	1.54	1.0302E-05
129	1.56	1.03878E-05
130	1.58	1.04738E-05
131	1.6	1.05586E-05
132	1.62	1.06443E-05
133	1.64	1.07343E-05
134	1.66	1.08103E-05
135	1.68	1.08864E-05
136	1.7	1.0979E-05
137	1.72	1.10612E-05
138	1.74	1.11413E-05
139	1.76	1.12204E-05
140	1.78	1.13019E-05
141	1.8	1.13805E-05
142	1.82	1.1456E-05
143	1.84	1.1529E-05
144	1.86	1.1608E-05
145	1.88	1.1693E-05
146	1.9	1.1765E-05
147	1.92	1.1842E-05
148	1.94	1.1914E-05
149	1.96	1.1992E-05
150	1.98	1.207E-05
151	2	1.2127E-05
152	2.02	1.2204E-05
153	2.04	1.2282E-05
154	2.06	1.2354E-05
155	2.08	1.242E-05
156	2.1	1.2492E-05
157	2.12	1.2561E-05
158	2.14	1.2636E-05
159	2.16	1.2688E-05
160	2.18	1.2764E-05
161	2.2	1.2834E-05
162	2.22	1.2899E-05
163	2.24	1.2965E-05
164	2.26	1.3029E-05
165	2.28	1.3098E-05
166	2.3	1.3167E-05
167	2.32	1.3219E-05
168	2.34	1.3283E-05
169	2.36	1.3353E-05
170	2.38	1.3413E-05
171	2.4	1.3474E-05
172	2.42	1.3536E-05
173	2.44	1.3596E-05
174	2.46	1.3659E-05
175	2.48	1.3721E-05
176	2.5	1.3767E-05
177	2.52	1.3829E-05
178	2.54	1.3895E-05
179	2.56	1.3949E-05
180	2.58	1.401E-05
181	2.6	1.4063E-05
182	2.62	1.4121E-05
183	2.64	1.4188E-05
184	2.66	1.4225E-05
185	2.68	1.4283E-05
186	2.7	1.4344E-05
187	2.72	1.4398E-05
188	2.74	1.445E-05
189	2.76	1.4502E-05
190	2.78	1.4557E-05
191	2.8	1.4618E-05
192	2.82	1.4653E-05
193	2.84	1.4707E-05
194	2.86	1.4764E-05
195	2.88	1.481E-05
196	2.9	1.4862E-05
197	2.92	1.4912E-05
198	2.94	1.4961E-05
199	2.96	1.5014E-05
200	2.98	1.5061E-05
201	3	1.5094E-05
202	-1	7.302E-10
203	-0.98	3.2245E-09
204	-0.96	6.093E-10
205	-0.94	2.5278E-09
206	-0.92	-1.1702E-09
207	-0.9	-1.5798E-09
208	-0.88	-2.1229E-09
209	-0.86	1.7981E-09
210	-0.84	1.3579E-09
211	-0.82	2.1932E-09
212	-0.8	-1.2013E-09
213	-0.78	-1.217E-09
214	-0.76	-1.7946E-09
215	-0.74	1.4783E-09
216	-0.72	1.6568E-09
217	-0.7	2.3482E-09
218	-0.68	-1.1437E-09
219	-0.66	-1.255E-09
220	-0.64	-1.8213E-09
221	-0.62	1.4168E-09
222	-0.6	1.806E-09
223	-0.58	2.493E-09
224	-0.56	-1.1779E-09
225	-0.54	-1.3887E-09
226	-0.52	-1.9259E-09
227	-0.5	1.6393E-09
228	-0.48	1.9681E-09
229	-0.46	2.8392E-09
230	-0.44	-1.1221E-09
231	-0.42	-1.3314E-09
232	-0.4	-2.0395E-09
233	-0.38	1.7563E-09
234	-0.36	1.6459E-09
235	-0.34	2.5528E-09
236	-0.32	-1.2495E-09
237	-0.3	-1.5633E-09
238	-0.28	-2.1116E-09
239	-0.26	1.8764E-09
240	-0.24	1.5992E-09
241	-0.22	1.1905E-09
242	-0.2	-9.605E-10
243	-0.18	-1.1258E-09
244	-0.16	-1.4514E-09
245	-0.14	2.6281E-09
246	-0.12	4.5987E-09
247	-0.1	4.972E-09
248	-0.08	7.8944E-09
249	-0.06	1.8388E-08
250	-0.04	3.6318E-08
251	-0.02	6.1623E-08
252	0	1.07419E-07
253	0.02	1.8553E-07
254	0.04	2.9996E-07
255	0.06	4.6858E-07
256	0.08	6.9227E-07
257	0.1	9.8759E-07
258	0.12	1.3408E-06
259	0.14	1.7807E-06
260	0.16	2.2816E-06
261	0.18	2.877E-06
262	0.2	3.5204E-06
263	0.22	4.2398E-06
264	0.24	5.0634E-06
265	0.26	5.9256E-06
266	0.28	6.8993E-06
267	0.3	7.9056E-06
268	0.32	9.0231E-06
269	0.34	1.01705E-05
270	0.36	1.1433E-05
271	0.38	1.2714E-05
272	0.4	1.406E-05
273	0.42	1.552E-05
274	0.44	1.6991E-05
275	0.46	1.8574E-05
276	0.48	2.015E-05
277	0.5	2.182E-05
278	0.52	2.3469E-05
279	0.54	2.5203E-05
280	0.56	2.6883E-05
281	0.58	2.8637E-05
282	0.6	3.0324E-05
283	0.62	3.2E-05
284	0.64	3.3723E-05
285	0.66	3.5373E-05
286	0.68	3.7072E-05
287	0.7	3.8692E-05
288	0.72	4.0346E-05
289	0.74	4.1921E-05
290	0.76	4.3541E-05
291	0.78	4.5077E-05
292	0.8	4.6593E-05
293	0.82	4.8128E-05
294	0.84	4.9604E-05
295	0.86	5.1112E-05
296	0.88	5.254E-05
297	0.9	5.4012E-05
298	0.92	5.54E-05
299	0.94	5.6832E-05
300	0.96	5.8183E-05
301	0.98	5.9566E-05
302	1	6.0889E-05
303	1.02	6.2189E-05
304	1.04	6.3533E-05
305	1.06	6.4805E-05
306	1.08	6.6105E-05
307	1.1	6.735E-05
308	1.12	6.861E-05
309	1.14	6.9832E-05
310	1.16	7.108E-05
311	1.18	7.2265E-05
312	1.2	7.3435E-05
313	1.22	7.464E-05
314	1.24	7.5789E-05
315	1.26	7.697E-05
316	1.28	7.8084E-05
317	1.3	7.9236E-05
318	1.32	8.0341E-05
319	1.34	8.147E-05
320	1.36	8.255E-05
321	1.38	8.366E-05
322	1.4	8.4719E-05
323	1.42	8.5771E-05
324	1.44	8.6841E-05
325	1.46	8.7866E-05
326	1.48	8.893E-05
327	1.5	8.9942E-05
328	1.52	9.0978E-05
329	1.54	9.1976E-05
330	1.56	9.299E-05
331	1.58	9.3969E-05
332	1.6	9.494E-05
333	1.62	9.5922E-05
334	1.64	9.6877E-05
335	1.66	9.7852E-05
336	1.68	9.8788E-05
337	1.7	9.975E-05
338	1.72	0.000100678
339	1.74	0.000101625
340	1.76	0.000102533
341	1.78	0.000103455
342	1.8	0.000104342
343	1.82	0.000105231
344	1.84	0.000106137
345	1.86	0.00010701
346	1.88	0.000107911
347	1.9	0.000108766
348	1.92	0.000109659
349	1.94	0.000110494
350	1.96	0.000111355
351	1.98	0.000112189
352	2	0.000113018
353	2.02	0.000113857
354	2.04	0.00011466
355	2.06	0.00011549
356	2.08	0.00011631
357	2.1	0.00011714
358	2.12	0.00011789
359	2.14	0.00011872
360	2.16	0.0001195
361	2.18	0.00012029
362	2.2	0.00012105
363	2.22	0.00012183
364	2.24	0.0001226
365	2.26	0.00012335
366	2.28	0.00012412
367	2.3	0.00012486
368	2.32	0.0001256
369	2.34	0.00012634
370	2.36	0.00012707
371	2.38	0.00012783
372	2.4	0.00012854
373	2.42	0.00012927
374	2.44	0.00012994
375	2.46	0.00013066
376	2.48	0.00013135
377	2.5	0.00013208
378	2.52	0.00013275
379	2.54	0.00013344
380	2.56	0.00013412
381	2.58	0.00013481
382	2.6	0.00013549
383	2.62	0.00013611
384	2.64	0.0001368
385	2.66	0.00013742
386	2.68	0.00013809
387	2.7	0.00013874
388	2.72	0.0001394
389	2.74	0.00014003
390	2.76	0.00014068
391	2.78	0.00014128
392	2.8	0.00014191
393	2.82	0.00014252
394	2.84	0.00014313
395	2.86	0.00014374
396	2.88	0.00014434
397	2.9	0.00014494
398	2.92	0.00014552
399	2.94	0.00014614
400	2.96	0.00014669
401	2.98	0.00014728
402	3	0.00014784
